;Open_time;Open;High;Low;Close;Volume;Close_time;Quote_asset_volume;N_trades;Taker_buy_base_vol;Taker_buy_quote_vol;Ignore
0;1621815300000;0.000546000000000;0.000547000000000;0.000544000000000;0.000547000000000;707.000000000000000;1621816199999;0.385826000000000;3;196.000000000000000;0.107212000000000;0
1;1621816200000;0.000550000000000;0.000550000000000;0.000541000000000;0.000541000000000;942.000000000000000;1621817099999;0.513316000000000;6;194.000000000000000;0.106700000000000;0
2;1621817100000;0.000540000000000;0.000540000000000;0.000537000000000;0.000537000000000;3497.000000000000000;1621817999999;1.879847000000000;14;0.000000000000000;0.000000000000000;0
3;1621818000000;0.000536000000000;0.000540000000000;0.000535000000000;0.000535000000000;3152.000000000000000;1621818899999;1.689298000000000;11;384.000000000000000;0.206962000000000;0
4;1621818900000;0.000535000000000;0.000535000000000;0.000529000000000;0.000529000000000;25100.000000000000000;1621819799999;13.328640000000000;32;0.000000000000000;0.000000000000000;0
5;1621819800000;0.000533000000000;0.000533000000000;0.000533000000000;0.000533000000000;201.000000000000000;1621820699999;0.107133000000000;1;201.000000000000000;0.107133000000000;0
6;1621820700000;0.000535000000000;0.000539000000000;0.000532000000000;0.000532000000000;13069.000000000000000;1621821599999;6.990378000000000;10;11648.000000000000000;6.233409000000000;0
7;1621821600000;0.000530000000000;0.000530000000000;0.000525000000000;0.000525000000000;3167.000000000000000;1621822499999;1.669459000000000;18;0.000000000000000;0.000000000000000;0
8;1621822500000;0.000528000000000;0.000529000000000;0.000525000000000;0.000527000000000;1593.000000000000000;1621823399999;0.838862000000000;5;371.000000000000000;0.196090000000000;0
9;1621823400000;0.000531000000000;0.000533000000000;0.000527000000000;0.000527000000000;1214.000000000000000;1621824299999;0.642592000000000;5;402.000000000000000;0.213864000000000;0
10;1621824300000;0.000526000000000;0.000533000000000;0.000526000000000;0.000529000000000;1826.000000000000000;1621825199999;0.965528000000000;8;604.000000000000000;0.320722000000000;0
11;1621825200000;0.000533000000000;0.000533000000000;0.000528000000000;0.000528000000000;2640.000000000000000;1621826099999;1.397337000000000;11;603.000000000000000;0.320997000000000;0
12;1621826100000;0.000526000000000;0.000529000000000;0.000525000000000;0.000525000000000;1399.000000000000000;1621826999999;0.736096000000000;9;202.000000000000000;0.106858000000000;0
13;1621827000000;0.000529000000000;0.000533000000000;0.000525000000000;0.000529000000000;22657.000000000000000;1621827899999;12.050083000000001;17;9326.000000000000000;4.955640000000000;0
14;1621827900000;0.000531000000000;0.000531000000000;0.000527000000000;0.000531000000000;1013.000000000000000;1621828799999;0.535660000000000;4;402.000000000000000;0.213462000000000;0
15;1621828800000;0.000533000000000;0.000533000000000;0.000529000000000;0.000529000000000;812.000000000000000;1621829699999;0.430553000000000;3;201.000000000000000;0.107133000000000;0
16;1621829700000;0.000529000000000;0.000531000000000;0.000527000000000;0.000531000000000;1001.000000000000000;1621830599999;0.528910000000000;4;201.000000000000000;0.106731000000000;0
17;1621830600000;0.000528000000000;0.000531000000000;0.000526000000000;0.000526000000000;3474.000000000000000;1621831499999;1.829543000000000;9;201.000000000000000;0.106731000000000;0
18;1621831500000;0.000526000000000;0.000532000000000;0.000526000000000;0.000528000000000;3172.000000000000000;1621832399999;1.678848000000000;8;604.000000000000000;0.320320000000000;0
19;1621832400000;0.000526000000000;0.000527000000000;0.000524000000000;0.000527000000000;4699.000000000000000;1621833299999;2.470874000000000;12;1415.000000000000000;0.745705000000000;0
20;1621833300000;0.000529000000000;0.000534000000000;0.000529000000000;0.000534000000000;2403.000000000000000;1621834199999;1.281388000000000;4;2403.000000000000000;1.281388000000000;0
21;1621834200000;0.000531000000000;0.000531000000000;0.000526000000000;0.000526000000000;1095.000000000000000;1621835099999;0.578067000000000;5;0.000000000000000;0.000000000000000;0
22;1621835100000;0.000525000000000;0.000525000000000;0.000522000000000;0.000522000000000;7965.000000000000000;1621835999999;4.173327000000000;10;0.000000000000000;0.000000000000000;0
23;1621836000000;0.000526000000000;0.000531000000000;0.000524000000000;0.000531000000000;1934.000000000000000;1621836899999;1.017687000000000;6;1330.000000000000000;0.701191000000000;0
24;1621836900000;0.000531000000000;0.000535000000000;0.000530000000000;0.000535000000000;3717.000000000000000;1621837799999;1.981564000000000;6;2070.000000000000000;1.107048000000000;0
25;1621837800000;0.000532000000000;0.000532000000000;0.000532000000000;0.000532000000000;165.000000000000000;1621838699999;0.087780000000000;1;0.000000000000000;0.000000000000000;0
26;1621838700000;0.000533000000000;0.000538000000000;0.000533000000000;0.000538000000000;3570.000000000000000;1621839599999;1.918294000000000;10;2043.000000000000000;1.098734000000000;0
27;1621839600000;0.000539000000000;0.000539000000000;0.000528000000000;0.000531000000000;2111.000000000000000;1621840499999;1.127190000000000;8;853.000000000000000;0.458159000000000;0
28;1621840500000;0.000533000000000;0.000538000000000;0.000530000000000;0.000538000000000;2201.000000000000000;1621841399999;1.173108000000000;7;801.000000000000000;0.428528000000000;0
29;1621841400000;0.000535000000000;0.000549000000000;0.000535000000000;0.000544000000000;9748.000000000000000;1621842299999;5.302035000000000;33;7307.000000000000000;3.980047000000000;0
30;1621842300000;0.000544000000000;0.000561000000000;0.000544000000000;0.000547000000000;24156.000000000000000;1621843199999;13.325583000000000;56;18302.000000000000000;10.123907000000001;0
31;1621843200000;0.000550000000000;0.000554000000000;0.000547000000000;0.000547000000000;2966.000000000000000;1621844099999;1.637538000000000;10;2384.000000000000000;1.318796000000000;0
32;1621844100000;0.000550000000000;0.000552000000000;0.000542000000000;0.000547000000000;4028.000000000000000;1621844999999;2.208152000000000;15;2332.000000000000000;1.284916000000000;0
33;1621845000000;0.000550000000000;0.000552000000000;0.000545000000000;0.000545000000000;5778.000000000000000;1621845899999;3.164350000000000;15;1788.000000000000000;0.983788000000000;0
34;1621845900000;0.000545000000000;0.000549000000000;0.000542000000000;0.000542000000000;21014.000000000000000;1621846799999;11.467285000000000;17;14436.000000000000000;7.881439000000000;0
35;1621846800000;0.000540000000000;0.000547000000000;0.000540000000000;0.000547000000000;1824.000000000000000;1621847699999;0.996384000000000;6;1688.000000000000000;0.922944000000000;0
36;1621847700000;0.000550000000000;0.000552000000000;0.000547000000000;0.000552000000000;5526.000000000000000;1621848599999;3.036176000000000;10;2259.000000000000000;1.243226000000000;0
37;1621848600000;0.000549000000000;0.000549000000000;0.000547000000000;0.000549000000000;1491.000000000000000;1621849499999;0.816149000000000;7;92.000000000000000;0.050508000000000;0
38;1621849500000;0.000544000000000;0.000544000000000;0.000540000000000;0.000540000000000;1649.000000000000000;1621850399999;0.893568000000000;12;197.000000000000000;0.106971000000000;0
39;1621850400000;0.000540000000000;0.000547000000000;0.000538000000000;0.000547000000000;4807.000000000000000;1621851299999;2.606951000000000;15;2175.000000000000000;1.186368000000000;0
40;1621851300000;0.000548000000000;0.000555000000000;0.000547000000000;0.000555000000000;4828.000000000000000;1621852199999;2.661983000000000;17;2440.000000000000000;1.347996000000000;0
41;1621852200000;0.000555000000000;0.000555000000000;0.000535000000000;0.000535000000000;52703.000000000000000;1621853099999;28.398088999999999;30;396.000000000000000;0.217190000000000;0
42;1621853100000;0.000534000000000;0.000538000000000;0.000533000000000;0.000538000000000;1541.000000000000000;1621853999999;0.823698000000000;9;431.000000000000000;0.231446000000000;0
43;1621854000000;0.000538000000000;0.000539000000000;0.000531000000000;0.000536000000000;4382.000000000000000;1621854899999;2.346510000000000;15;672.000000000000000;0.360820000000000;0
44;1621854900000;0.000533000000000;0.000538000000000;0.000529000000000;0.000529000000000;16124.000000000000000;1621855799999;8.648452000000001;16;14854.000000000000000;7.973421000000000;0
45;1621855800000;0.000528000000000;0.000531000000000;0.000520000000000;0.000526000000000;13627.000000000000000;1621856699999;7.168590000000000;29;1960.000000000000000;1.031435000000000;0
46;1621856700000;0.000529000000000;0.000538000000000;0.000528000000000;0.000531000000000;9765.000000000000000;1621857599999;5.198030000000000;15;8964.000000000000000;4.772307000000000;0
47;1621857600000;0.000528000000000;0.000533000000000;0.000527000000000;0.000533000000000;33138.000000000000000;1621858499999;17.653001000000000;6;31697.000000000000000;16.893393000000000;0
48;1621858500000;0.000536000000000;0.000536000000000;0.000528000000000;0.000528000000000;1143.000000000000000;1621859399999;0.607091000000000;8;200.000000000000000;0.107200000000000;0
49;1621859400000;0.000526000000000;0.000528000000000;0.000524000000000;0.000528000000000;2665.000000000000000;1621860299999;1.403558000000000;8;1117.000000000000000;0.589776000000000;0
50;1621860300000;0.000528000000000;0.000531000000000;0.000523000000000;0.000526000000000;15045.000000000000000;1621861199999;7.931851000000000;16;8983.000000000000000;4.745754000000000;0
51;1621861200000;0.000526000000000;0.000533000000000;0.000526000000000;0.000533000000000;605.000000000000000;1621862099999;0.321248000000000;4;605.000000000000000;0.321248000000000;0
52;1621862100000;0.000530000000000;0.000533000000000;0.000528000000000;0.000528000000000;7313.000000000000000;1621862999999;3.876149000000000;15;4510.000000000000000;2.394214000000000;0
53;1621863000000;0.000526000000000;0.000526000000000;0.000520000000000;0.000520000000000;2109.000000000000000;1621863899999;1.105424000000000;10;0.000000000000000;0.000000000000000;0
54;1621863900000;0.000519000000000;0.000522000000000;0.000519000000000;0.000519000000000;1825.000000000000000;1621864799999;0.947790000000000;10;205.000000000000000;0.107010000000000;0
55;1621864800000;0.000518000000000;0.000522000000000;0.000518000000000;0.000522000000000;1487.000000000000000;1621865699999;0.772022000000000;7;439.000000000000000;0.229158000000000;0
56;1621865700000;0.000522000000000;0.000524000000000;0.000518000000000;0.000524000000000;2019.000000000000000;1621866599999;1.055627000000000;7;1599.000000000000000;0.837466000000000;0
57;1621866600000;0.000524000000000;0.000526000000000;0.000523000000000;0.000523000000000;1479.000000000000000;1621867499999;0.775570000000000;7;490.000000000000000;0.257740000000000;0
58;1621867500000;0.000521000000000;0.000526000000000;0.000516000000000;0.000518000000000;23783.000000000000000;1621868399999;12.387513000000000;42;14060.000000000000000;7.299096000000000;0
59;1621868400000;0.000516000000000;0.000519000000000;0.000513000000000;0.000513000000000;3740.000000000000000;1621869299999;1.922333000000000;12;100.000000000000000;0.051900000000000;0
60;1621869300000;0.000513000000000;0.000539000000000;0.000513000000000;0.000523000000000;12843.000000000000000;1621870199999;6.807578000000000;38;11826.000000000000000;6.276309000000000;0
61;1621870200000;0.000523000000000;0.000531000000000;0.000523000000000;0.000528000000000;4189.000000000000000;1621871099999;2.212483000000000;11;2494.000000000000000;1.317804000000000;0
62;1621871100000;0.000531000000000;0.000555000000000;0.000531000000000;0.000555000000000;39443.000000000000000;1621871999999;21.453130000000002;45;34138.000000000000000;18.625834999999999;0
63;1621872000000;0.000556000000000;0.000579000000000;0.000539000000000;0.000539000000000;86704.000000000000000;1621872899999;48.710191999999999;168;44876.000000000000000;25.620812000000001;0
64;1621872900000;0.000539000000000;0.000547000000000;0.000539000000000;0.000542000000000;1932.000000000000000;1621873799999;1.046448000000000;7;589.000000000000000;0.321003000000000;0
65;1621873800000;0.000540000000000;0.000551000000000;0.000539000000000;0.000551000000000;12554.000000000000000;1621874699999;6.813961000000000;14;3176.000000000000000;1.733340000000000;0
66;1621874700000;0.000547000000000;0.000550000000000;0.000542000000000;0.000542000000000;1830.000000000000000;1621875599999;1.000089000000000;8;194.000000000000000;0.106700000000000;0
67;1621875600000;0.000545000000000;0.000582000000000;0.000545000000000;0.000582000000000;98457.000000000000000;1621876499999;56.303348999999997;84;96450.000000000000000;55.153574999999996;0
68;1621876500000;0.000583000000000;0.000587000000000;0.000563000000000;0.000566000000000;28832.000000000000000;1621877399999;16.735983999999998;41;10648.000000000000000;6.159337000000000;0
69;1621877400000;0.000567000000000;0.000587000000000;0.000566000000000;0.000581000000000;6601.000000000000000;1621878299999;3.807024000000000;25;2062.000000000000000;1.188449000000000;0
70;1621878300000;0.000581000000000;0.000614000000000;0.000576000000000;0.000611000000000;62628.000000000000000;1621879199999;37.232107999999997;73;28700.000000000000000;17.263739000000001;0
71;1621879200000;0.000615000000000;0.000615000000000;0.000595000000000;0.000612000000000;14020.000000000000000;1621880099999;8.500849000000001;43;5981.000000000000000;3.637373000000000;0
72;1621880100000;0.000615000000000;0.000622000000000;0.000606000000000;0.000606000000000;11710.000000000000000;1621880999999;7.215784000000000;41;6565.000000000000000;4.062186000000000;0
73;1621881000000;0.000603000000000;0.000603000000000;0.000588000000000;0.000589000000000;23532.000000000000000;1621881899999;13.894412000000001;32;3849.000000000000000;2.271548000000000;0
74;1621881900000;0.000587000000000;0.000589000000000;0.000574000000000;0.000574000000000;17401.000000000000000;1621882799999;10.175314000000000;38;10405.000000000000000;6.114821000000000;0
75;1621882800000;0.000574000000000;0.000580000000000;0.000573000000000;0.000573000000000;11263.000000000000000;1621883699999;6.500638000000000;19;4454.000000000000000;2.574312000000000;0
76;1621883700000;0.000572000000000;0.000583000000000;0.000572000000000;0.000583000000000;7135.000000000000000;1621884599999;4.094213000000000;15;3365.000000000000000;1.935375000000000;0
77;1621884600000;0.000582000000000;0.000582000000000;0.000574000000000;0.000579000000000;2625.000000000000000;1621885499999;1.509865000000000;9;495.000000000000000;0.286610000000000;0
78;1621885500000;0.000582000000000;0.000582000000000;0.000543000000000;0.000543000000000;31698.000000000000000;1621886399999;17.673410000000001;80;2826.000000000000000;1.587772000000000;0
79;1621886400000;0.000542000000000;0.000554000000000;0.000542000000000;0.000549000000000;6078.000000000000000;1621887299999;3.331784000000000;19;4219.000000000000000;2.322848000000000;0
80;1621887300000;0.000551000000000;0.000559000000000;0.000547000000000;0.000554000000000;16781.000000000000000;1621888199999;9.292674999999999;11;16410.000000000000000;9.088393999999999;0
81;1621888200000;0.000557000000000;0.000573000000000;0.000557000000000;0.000572000000000;6703.000000000000000;1621889099999;3.807682000000000;20;6516.000000000000000;3.701279000000000;0
82;1621889100000;0.000571000000000;0.000584000000000;0.000566000000000;0.000572000000000;9354.000000000000000;1621889999999;5.383835000000000;37;5459.000000000000000;3.158442000000000;0
83;1621890000000;0.000572000000000;0.000579000000000;0.000569000000000;0.000569000000000;3963.000000000000000;1621890899999;2.275399000000000;12;2042.000000000000000;1.177100000000000;0
84;1621890900000;0.000572000000000;0.000572000000000;0.000563000000000;0.000566000000000;4922.000000000000000;1621891799999;2.784809000000000;17;376.000000000000000;0.214127000000000;0
85;1621891800000;0.000566000000000;0.000566000000000;0.000556000000000;0.000559000000000;16878.000000000000000;1621892699999;9.475072000000001;12;191.000000000000000;0.106769000000000;0
86;1621892700000;0.000561000000000;0.000567000000000;0.000560000000000;0.000567000000000;3415.000000000000000;1621893599999;1.923474000000000;13;2910.000000000000000;1.640104000000000;0
87;1621893600000;0.000569000000000;0.000571000000000;0.000566000000000;0.000571000000000;736.000000000000000;1621894499999;0.418100000000000;5;432.000000000000000;0.245920000000000;0
88;1621894500000;0.000572000000000;0.000574000000000;0.000559000000000;0.000559000000000;5217.000000000000000;1621895399999;2.955008000000000;15;1415.000000000000000;0.809730000000000;0
89;1621895400000;0.000560000000000;0.000564000000000;0.000560000000000;0.000564000000000;2394.000000000000000;1621896299999;1.343520000000000;9;1965.000000000000000;1.103280000000000;0
90;1621896300000;0.000562000000000;0.000562000000000;0.000556000000000;0.000556000000000;1251.000000000000000;1621897199999;0.698350000000000;5;0.000000000000000;0.000000000000000;0
91;1621897200000;0.000557000000000;0.000560000000000;0.000556000000000;0.000559000000000;3055.000000000000000;1621898099999;1.705696000000000;8;1691.000000000000000;0.946578000000000;0
92;1621898100000;0.000562000000000;0.000572000000000;0.000562000000000;0.000572000000000;4562.000000000000000;1621898999999;2.580416000000000;10;3336.000000000000000;1.891404000000000;0
93;1621899000000;0.000574000000000;0.000574000000000;0.000561000000000;0.000561000000000;9050.000000000000000;1621899899999;5.174045000000000;13;6439.000000000000000;3.695986000000000;0
94;1621899900000;0.000564000000000;0.000569000000000;0.000564000000000;0.000569000000000;2822.000000000000000;1621900799999;1.593115000000000;9;2822.000000000000000;1.593115000000000;0
95;1621901700000;0.000569000000000;0.000571000000000;0.000561000000000;0.000564000000000;11367.000000000000000;1621902599999;6.455400000000000;11;7724.000000000000000;4.408674000000000;0
96;1621902600000;0.000561000000000;0.000564000000000;0.000554000000000;0.000554000000000;5192.000000000000000;1621903499999;2.895140000000000;14;380.000000000000000;0.213940000000000;0
97;1621903500000;0.000554000000000;0.000554000000000;0.000546000000000;0.000546000000000;3071.000000000000000;1621904399999;1.687996000000000;19;0.000000000000000;0.000000000000000;0
98;1621904400000;0.000544000000000;0.000545000000000;0.000538000000000;0.000543000000000;5643.000000000000000;1621905299999;3.055649000000000;21;307.000000000000000;0.166921000000000;0
99;1621905300000;0.000545000000000;0.000548000000000;0.000545000000000;0.000548000000000;1209.000000000000000;1621906199999;0.661865000000000;4;1209.000000000000000;0.661865000000000;0
100;1621906200000;0.000550000000000;0.000550000000000;0.000547000000000;0.000550000000000;1516.000000000000000;1621907099999;0.833218000000000;5;1322.000000000000000;0.727100000000000;0
101;1621907100000;0.000552000000000;0.000557000000000;0.000549000000000;0.000549000000000;2699.000000000000000;1621907999999;1.497783000000000;10;2120.000000000000000;1.178373000000000;0
102;1621908000000;0.000547000000000;0.000547000000000;0.000535000000000;0.000545000000000;61227.000000000000000;1621908899999;33.229984999999999;40;4147.000000000000000;2.255279000000000;0
103;1621908900000;0.000547000000000;0.000559000000000;0.000544000000000;0.000552000000000;15413.000000000000000;1621909799999;8.510187000000000;23;14641.000000000000000;8.084463000000000;0
104;1621909800000;0.000549000000000;0.000552000000000;0.000549000000000;0.000552000000000;388.000000000000000;1621910699999;0.213594000000000;2;194.000000000000000;0.107088000000000;0
105;1621910700000;0.000555000000000;0.000558000000000;0.000554000000000;0.000557000000000;7227.000000000000000;1621911599999;4.018586000000000;13;2911.000000000000000;1.622641000000000;0
106;1621911600000;0.000559000000000;0.000559000000000;0.000540000000000;0.000544000000000;13465.000000000000000;1621912499999;7.375565000000000;29;2365.000000000000000;1.310586000000000;0
107;1621912500000;0.000542000000000;0.000542000000000;0.000542000000000;0.000542000000000;196.000000000000000;1621913399999;0.106232000000000;1;0.000000000000000;0.000000000000000;0
108;1621913400000;0.000545000000000;0.000552000000000;0.000545000000000;0.000552000000000;1949.000000000000000;1621914299999;1.071939000000000;6;1949.000000000000000;1.071939000000000;0
109;1621914300000;0.000553000000000;0.000553000000000;0.000549000000000;0.000549000000000;1273.000000000000000;1621915199999;0.703193000000000;3;1079.000000000000000;0.596687000000000;0
110;1621915200000;0.000552000000000;0.000565000000000;0.000552000000000;0.000565000000000;4551.000000000000000;1621916099999;2.558300000000000;15;4551.000000000000000;2.558300000000000;0
111;1621916100000;0.000561000000000;0.000561000000000;0.000556000000000;0.000556000000000;3309.000000000000000;1621916999999;1.847503000000000;9;1816.000000000000000;1.015144000000000;0
112;1621917000000;0.000554000000000;0.000562000000000;0.000552000000000;0.000559000000000;1832.000000000000000;1621917899999;1.017754000000000;8;766.000000000000000;0.427608000000000;0
113;1621917900000;0.000562000000000;0.000564000000000;0.000559000000000;0.000564000000000;1455.000000000000000;1621918799999;0.816705000000000;8;570.000000000000000;0.321100000000000;0
114;1621918800000;0.000561000000000;0.000561000000000;0.000556000000000;0.000558000000000;1661.000000000000000;1621919699999;0.926477000000000;12;501.000000000000000;0.279997000000000;0
115;1621919700000;0.000559000000000;0.000562000000000;0.000559000000000;0.000562000000000;381.000000000000000;1621920599999;0.213549000000000;2;381.000000000000000;0.213549000000000;0
116;1621920600000;0.000559000000000;0.000559000000000;0.000556000000000;0.000556000000000;1599.000000000000000;1621921499999;0.890511000000000;7;321.000000000000000;0.178476000000000;0
117;1621921500000;0.000559000000000;0.000562000000000;0.000558000000000;0.000558000000000;2638.000000000000000;1621922399999;1.474949000000000;7;1997.000000000000000;1.115277000000000;0
118;1621922400000;0.000558000000000;0.000564000000000;0.000558000000000;0.000559000000000;761.000000000000000;1621923299999;0.427298000000000;5;381.000000000000000;0.214498000000000;0
119;1621923300000;0.000559000000000;0.000559000000000;0.000556000000000;0.000556000000000;306.000000000000000;1621924199999;0.170481000000000;2;0.000000000000000;0.000000000000000;0
120;1621924200000;0.000559000000000;0.000559000000000;0.000552000000000;0.000557000000000;2174.000000000000000;1621925099999;1.205740000000000;10;1516.000000000000000;0.842140000000000;0
121;1621925100000;0.000554000000000;0.000554000000000;0.000552000000000;0.000552000000000;385.000000000000000;1621925999999;0.212904000000000;2;0.000000000000000;0.000000000000000;0
122;1621926000000;0.000555000000000;0.000569000000000;0.000555000000000;0.000566000000000;5450.000000000000000;1621926899999;3.079868000000000;15;5074.000000000000000;2.867052000000000;0
123;1621926900000;0.000561000000000;0.000561000000000;0.000553000000000;0.000557000000000;24754.000000000000000;1621927799999;13.801432000000000;25;3390.000000000000000;1.878765000000000;0
124;1621927800000;0.000552000000000;0.000555000000000;0.000550000000000;0.000555000000000;13864.000000000000000;1621928699999;7.675398000000000;10;11205.000000000000000;6.208116000000000;0
125;1621928700000;0.000555000000000;0.000555000000000;0.000550000000000;0.000554000000000;804.000000000000000;1621929599999;0.444718000000000;6;387.000000000000000;0.214596000000000;0
126;1621929600000;0.000555000000000;0.000559000000000;0.000555000000000;0.000559000000000;801.000000000000000;1621930499999;0.445199000000000;6;422.000000000000000;0.234854000000000;0
127;1621930500000;0.000559000000000;0.000559000000000;0.000551000000000;0.000551000000000;15185.000000000000000;1621931399999;8.411827000000001;14;482.000000000000000;0.268093000000000;0
128;1621931400000;0.000555000000000;0.000555000000000;0.000548000000000;0.000552000000000;2152.000000000000000;1621932299999;1.186399000000000;9;387.000000000000000;0.214203000000000;0
129;1621932300000;0.000549000000000;0.000549000000000;0.000543000000000;0.000543000000000;4256.000000000000000;1621933199999;2.321291000000000;13;463.000000000000000;0.253261000000000;0
130;1621933200000;0.000546000000000;0.000547000000000;0.000543000000000;0.000547000000000;2450.000000000000000;1621934099999;1.336436000000000;9;691.000000000000000;0.377791000000000;0
131;1621934100000;0.000547000000000;0.000547000000000;0.000547000000000;0.000547000000000;19626.000000000000000;1621934999999;10.735422000000000;4;19626.000000000000000;10.735422000000000;0
132;1621935000000;0.000544000000000;0.000550000000000;0.000544000000000;0.000550000000000;218.000000000000000;1621935899999;0.119192000000000;2;100.000000000000000;0.055000000000000;0
133;1621935900000;0.000550000000000;0.000551000000000;0.000542000000000;0.000545000000000;3369.000000000000000;1621936799999;1.834655000000000;13;1697.000000000000000;0.927305000000000;0
134;1621936800000;0.000547000000000;0.000555000000000;0.000547000000000;0.000552000000000;39057.000000000000000;1621937699999;21.481898000000001;13;2072.000000000000000;1.140342000000000;0
135;1621937700000;0.000550000000000;0.000550000000000;0.000547000000000;0.000550000000000;1964.000000000000000;1621938599999;1.078694000000000;8;924.000000000000000;0.507470000000000;0
136;1621938600000;0.000547000000000;0.000561000000000;0.000547000000000;0.000552000000000;43333.000000000000000;1621939499999;24.106055999999999;41;41283.000000000000000;22.966850999999998;0
137;1621939500000;0.000555000000000;0.000556000000000;0.000546000000000;0.000555000000000;22071.000000000000000;1621940399999;12.136497000000000;24;10350.000000000000000;5.715995000000000;0
138;1621940400000;0.000552000000000;0.000554000000000;0.000544000000000;0.000549000000000;4403.000000000000000;1621941299999;2.424476000000000;17;2202.000000000000000;1.217372000000000;0
139;1621941300000;0.000552000000000;0.000552000000000;0.000549000000000;0.000549000000000;383.000000000000000;1621942199999;0.210849000000000;2;194.000000000000000;0.107088000000000;0
140;1621942200000;0.000549000000000;0.000549000000000;0.000549000000000;0.000549000000000;5.000000000000000;1621943099999;0.002745000000000;1;0.000000000000000;0.000000000000000;0
141;1621943100000;0.000547000000000;0.000549000000000;0.000542000000000;0.000542000000000;9565.000000000000000;1621943999999;5.227459000000000;16;7371.000000000000000;4.035917000000000;0
142;1621944000000;0.000541000000000;0.000547000000000;0.000541000000000;0.000541000000000;7857.000000000000000;1621944899999;4.294427000000000;9;7233.000000000000000;3.956059000000000;0
143;1621944900000;0.000545000000000;0.000545000000000;0.000545000000000;0.000545000000000;946.000000000000000;1621945799999;0.515570000000000;2;946.000000000000000;0.515570000000000;0
144;1621945800000;0.000542000000000;0.000542000000000;0.000537000000000;0.000537000000000;2241.000000000000000;1621946699999;1.208209000000000;15;0.000000000000000;0.000000000000000;0
145;1621946700000;0.000537000000000;0.000543000000000;0.000537000000000;0.000537000000000;411.000000000000000;1621947599999;0.221403000000000;4;116.000000000000000;0.062988000000000;0
146;1621947600000;0.000540000000000;0.000546000000000;0.000540000000000;0.000546000000000;2787.000000000000000;1621948499999;1.512866000000000;7;2787.000000000000000;1.512866000000000;0
147;1621948500000;0.000547000000000;0.000547000000000;0.000540000000000;0.000540000000000;1470.000000000000000;1621949399999;0.799903000000000;6;196.000000000000000;0.107212000000000;0
148;1621949400000;0.000543000000000;0.000550000000000;0.000543000000000;0.000546000000000;2326.000000000000000;1621950299999;1.275315000000000;8;2018.000000000000000;1.106953000000000;0
149;1621950300000;0.000550000000000;0.000552000000000;0.000544000000000;0.000549000000000;2812.000000000000000;1621951199999;1.537027000000000;10;1695.000000000000000;0.927294000000000;0
150;1621951200000;0.000544000000000;0.000544000000000;0.000540000000000;0.000540000000000;1445.000000000000000;1621952099999;0.782384000000000;10;0.000000000000000;0.000000000000000;0
151;1621952100000;0.000538000000000;0.000538000000000;0.000530000000000;0.000530000000000;18140.000000000000000;1621952999999;9.695045000000000;32;739.000000000000000;0.395800000000000;0
152;1621953000000;0.000533000000000;0.000536000000000;0.000530000000000;0.000536000000000;3413.000000000000000;1621953899999;1.819237000000000;7;1985.000000000000000;1.058605000000000;0
153;1621953900000;0.000538000000000;0.000542000000000;0.000537000000000;0.000537000000000;6560.000000000000000;1621954799999;3.540702000000000;12;5139.000000000000000;2.776600000000000;0
154;1621954800000;0.000535000000000;0.000550000000000;0.000533000000000;0.000537000000000;21043.000000000000000;1621955699999;11.338239000000000;44;10730.000000000000000;5.809988000000000;0
155;1621955700000;0.000540000000000;0.000540000000000;0.000531000000000;0.000531000000000;2355.000000000000000;1621956599999;1.262663000000000;11;541.000000000000000;0.291256000000000;0
156;1621956600000;0.000536000000000;0.000538000000000;0.000535000000000;0.000535000000000;453.000000000000000;1621957499999;0.242717000000000;3;254.000000000000000;0.136252000000000;0
157;1621957500000;0.000533000000000;0.000539000000000;0.000532000000000;0.000539000000000;689.000000000000000;1621958399999;0.369036000000000;5;441.000000000000000;0.236900000000000;0
158;1621958400000;0.000535000000000;0.000539000000000;0.000533000000000;0.000539000000000;746.000000000000000;1621959299999;0.399783000000000;6;293.000000000000000;0.157728000000000;0
159;1621959300000;0.000535000000000;0.000535000000000;0.000532000000000;0.000534000000000;10033.000000000000000;1621960199999;5.338603000000000;7;0.000000000000000;0.000000000000000;0
160;1621960200000;0.000532000000000;0.000535000000000;0.000530000000000;0.000535000000000;3036.000000000000000;1621961099999;1.617724000000000;12;2339.000000000000000;1.247165000000000;0
161;1621961100000;0.000531000000000;0.000533000000000;0.000530000000000;0.000533000000000;1010.000000000000000;1621961999999;0.535961000000000;8;147.000000000000000;0.078351000000000;0
162;1621962000000;0.000533000000000;0.000536000000000;0.000533000000000;0.000536000000000;323.000000000000000;1621962899999;0.172246000000000;3;323.000000000000000;0.172246000000000;0
163;1621962900000;0.000532000000000;0.000532000000000;0.000532000000000;0.000532000000000;1125.000000000000000;1621963799999;0.598500000000000;3;0.000000000000000;0.000000000000000;0
164;1621963800000;0.000532000000000;0.000532000000000;0.000529000000000;0.000529000000000;655.000000000000000;1621964699999;0.347087000000000;6;0.000000000000000;0.000000000000000;0
165;1621964700000;0.000530000000000;0.000531000000000;0.000527000000000;0.000528000000000;2791.000000000000000;1621965599999;1.474790000000000;17;477.000000000000000;0.252459000000000;0
166;1621965600000;0.000533000000000;0.000535000000000;0.000529000000000;0.000533000000000;2052.000000000000000;1621966499999;1.090713000000000;6;1851.000000000000000;0.984183000000000;0
167;1621966500000;0.000532000000000;0.000537000000000;0.000532000000000;0.000533000000000;3928.000000000000000;1621967399999;2.106145000000000;9;3396.000000000000000;1.822721000000000;0
168;1621967400000;0.000536000000000;0.000539000000000;0.000535000000000;0.000539000000000;3046.000000000000000;1621968299999;1.633667000000000;9;1705.000000000000000;0.914092000000000;0
169;1621968300000;0.000540000000000;0.000543000000000;0.000540000000000;0.000543000000000;1610.000000000000000;1621969199999;0.873636000000000;3;1610.000000000000000;0.873636000000000;0
170;1621969200000;0.000540000000000;0.000540000000000;0.000536000000000;0.000536000000000;1820.000000000000000;1621970099999;0.976506000000000;12;137.000000000000000;0.073432000000000;0
171;1621970100000;0.000540000000000;0.000540000000000;0.000537000000000;0.000537000000000;1031.000000000000000;1621970999999;0.556146000000000;8;833.000000000000000;0.449820000000000;0
172;1621971000000;0.000538000000000;0.000538000000000;0.000537000000000;0.000538000000000;4061.000000000000000;1621971899999;2.182073000000000;4;3955.000000000000000;2.125045000000000;0
173;1621971900000;0.000535000000000;0.000538000000000;0.000535000000000;0.000538000000000;398.000000000000000;1621972799999;0.213527000000000;2;199.000000000000000;0.107062000000000;0
174;1621972800000;0.000535000000000;0.000535000000000;0.000533000000000;0.000533000000000;2392.000000000000000;1621973699999;1.275334000000000;8;0.000000000000000;0.000000000000000;0
175;1621973700000;0.000533000000000;0.000533000000000;0.000533000000000;0.000533000000000;0.000000000000000;1621974599999;0.000000000000000;0;0.000000000000000;0.000000000000000;0
176;1621974600000;0.000533000000000;0.000535000000000;0.000529000000000;0.000529000000000;1666.000000000000000;1621975499999;0.886834000000000;13;818.000000000000000;0.437228000000000;0
177;1621975500000;0.000533000000000;0.000533000000000;0.000533000000000;0.000533000000000;201.000000000000000;1621976399999;0.107133000000000;1;201.000000000000000;0.107133000000000;0
178;1621976400000;0.000536000000000;0.000536000000000;0.000536000000000;0.000536000000000;200.000000000000000;1621977299999;0.107200000000000;1;200.000000000000000;0.107200000000000;0
179;1621977300000;0.000536000000000;0.000536000000000;0.000536000000000;0.000536000000000;0.000000000000000;1621978199999;0.000000000000000;0;0.000000000000000;0.000000000000000;0
180;1621978200000;0.000533000000000;0.000536000000000;0.000533000000000;0.000536000000000;400.000000000000000;1621979099999;0.213800000000000;2;200.000000000000000;0.107200000000000;0
181;1621979100000;0.000538000000000;0.000538000000000;0.000535000000000;0.000535000000000;350.000000000000000;1621979999999;0.187847000000000;2;199.000000000000000;0.107062000000000;0
182;1621980000000;0.000535000000000;0.000535000000000;0.000533000000000;0.000533000000000;346.000000000000000;1621980899999;0.184710000000000;3;0.000000000000000;0.000000000000000;0
183;1621980900000;0.000536000000000;0.000536000000000;0.000536000000000;0.000536000000000;200.000000000000000;1621981799999;0.107200000000000;1;200.000000000000000;0.107200000000000;0
184;1621981800000;0.000533000000000;0.000544000000000;0.000531000000000;0.000537000000000;2273.000000000000000;1621982699999;1.220145000000000;10;1039.000000000000000;0.561433000000000;0
185;1621982700000;0.000535000000000;0.000535000000000;0.000522000000000;0.000526000000000;8211.000000000000000;1621983599999;4.328385000000000;40;391.000000000000000;0.206230000000000;0
186;1621983600000;0.000529000000000;0.000536000000000;0.000529000000000;0.000536000000000;1998.000000000000000;1621984499999;1.063130000000000;6;1998.000000000000000;1.063130000000000;0
187;1621984500000;0.000538000000000;0.000540000000000;0.000538000000000;0.000540000000000;923.000000000000000;1621985399999;0.497496000000000;4;923.000000000000000;0.497496000000000;0
188;1621985400000;0.000537000000000;0.000538000000000;0.000535000000000;0.000538000000000;596.000000000000000;1621986299999;0.319853000000000;3;199.000000000000000;0.107062000000000;0
189;1621986300000;0.000538000000000;0.000538000000000;0.000538000000000;0.000538000000000;0.000000000000000;1621987199999;0.000000000000000;0;0.000000000000000;0.000000000000000;0
190;1621988100000;0.000533000000000;0.000533000000000;0.000533000000000;0.000533000000000;200.000000000000000;1621988999999;0.106600000000000;1;0.000000000000000;0.000000000000000;0
191;1621989000000;0.000531000000000;0.000531000000000;0.000530000000000;0.000530000000000;954.000000000000000;1621989899999;0.505955000000000;5;106.000000000000000;0.056180000000000;0
192;1621989900000;0.000533000000000;0.000536000000000;0.000533000000000;0.000536000000000;401.000000000000000;1621990799999;0.214333000000000;2;401.000000000000000;0.214333000000000;0
193;1621990800000;0.000538000000000;0.000600000000000;0.000538000000000;0.000574000000000;166391.000000000000000;1621991699999;93.993425999999999;187;149214.000000000000000;83.836647999999997;0
194;1621991700000;0.000571000000000;0.000716000000000;0.000570000000000;0.000676000000000;1237738.000000000000000;1621992599999;806.312301000000048;687;497438.000000000000000;323.203814000000023;0
195;1621992600000;0.000678000000000;0.000713000000000;0.000618000000000;0.000618000000000;781757.000000000000000;1621993499999;521.603460000000041;316;157990.000000000000000;106.342382000000001;0
196;1621993500000;0.000618000000000;0.000674000000000;0.000611000000000;0.000633000000000;285492.000000000000000;1621994399999;185.512057999999996;183;149920.000000000000000;97.521587999999994;0
197;1621994400000;0.000632000000000;0.000677000000000;0.000632000000000;0.000665000000000;240872.000000000000000;1621995299999;158.376148999999998;131;143057.000000000000000;94.095084000000000;0
198;1621995300000;0.000667000000000;0.000780000000000;0.000658000000000;0.000663000000000;1242546.000000000000000;1621996199999;882.307866999999987;838;440490.000000000000000;313.594631999999990;0
199;1621996200000;0.000667000000000;0.000753000000000;0.000660000000000;0.000667000000000;641649.000000000000000;1621997099999;448.328390000000013;443;203662.000000000000000;142.879911999999990;0
200;1621997100000;0.000670000000000;0.000705000000000;0.000650000000000;0.000657000000000;385961.000000000000000;1621997999999;258.663850000000025;224;129552.000000000000000;89.074713000000003;0
201;1621998000000;0.000654000000000;0.000661000000000;0.000640000000000;0.000641000000000;51787.000000000000000;1621998899999;33.527735000000000;52;33775.000000000000000;21.859831000000000;0
202;1621998900000;0.000643000000000;0.000643000000000;0.000619000000000;0.000630000000000;91439.000000000000000;1621999799999;57.054910000000000;78;2979.000000000000000;1.888487000000000;0
203;1621999800000;0.000633000000000;0.000637000000000;0.000620000000000;0.000620000000000;17144.000000000000000;1622000699999;10.816048000000000;21;5604.000000000000000;3.561813000000000;0
204;1622000700000;0.000624000000000;0.000637000000000;0.000620000000000;0.000620000000000;23032.000000000000000;1622001599999;14.439261000000000;27;7730.000000000000000;4.881906000000000;0
205;1622001600000;0.000624000000000;0.000625000000000;0.000621000000000;0.000625000000000;772.000000000000000;1622002499999;0.481474000000000;6;601.000000000000000;0.375283000000000;0
206;1622002500000;0.000627000000000;0.000639000000000;0.000627000000000;0.000633000000000;6538.000000000000000;1622003399999;4.131990000000000;17;5243.000000000000000;3.316425000000000;0
207;1622003400000;0.000637000000000;0.000645000000000;0.000631000000000;0.000631000000000;20978.000000000000000;1622004299999;13.434438000000000;27;17597.000000000000000;11.292624000000000;0
208;1622004300000;0.000637000000000;0.000645000000000;0.000637000000000;0.000641000000000;2999.000000000000000;1622005199999;1.920798000000000;9;1719.000000000000000;1.100318000000000;0
209;1622005200000;0.000639000000000;0.000639000000000;0.000634000000000;0.000634000000000;4688.000000000000000;1622006099999;2.983121000000000;11;369.000000000000000;0.234684000000000;0
210;1622006100000;0.000635000000000;0.000636000000000;0.000630000000000;0.000633000000000;11307.000000000000000;1622006999999;7.148531000000000;11;195.000000000000000;0.123513000000000;0
211;1622007000000;0.000637000000000;0.000640000000000;0.000630000000000;0.000640000000000;4520.000000000000000;1622007899999;2.875270000000000;14;3878.000000000000000;2.469696000000000;0
212;1622007900000;0.000643000000000;0.000712000000000;0.000643000000000;0.000709000000000;598045.000000000000000;1622008799999;411.556920999999988;326;292823.000000000000000;198.755605000000003;0
213;1622008800000;0.000709000000000;0.000726000000000;0.000690000000000;0.000690000000000;141379.000000000000000;1622009699999;100.418109999999999;102;33093.000000000000000;23.665572999999998;0
214;1622009700000;0.000690000000000;0.000692000000000;0.000682000000000;0.000686000000000;192881.000000000000000;1622010599999;132.736169999999987;69;171447.000000000000000;117.987967999999995;0
215;1622010600000;0.000684000000000;0.000684000000000;0.000661000000000;0.000665000000000;124629.000000000000000;1622011499999;83.718907999999999;95;26012.000000000000000;17.511268000000001;0
216;1622011500000;0.000660000000000;0.000679000000000;0.000659000000000;0.000665000000000;31891.000000000000000;1622012399999;21.349798000000000;36;18309.000000000000000;12.269638000000000;0
217;1622012400000;0.000664000000000;0.000687000000000;0.000664000000000;0.000680000000000;22299.000000000000000;1622013299999;15.117920000000000;36;2950.000000000000000;2.004458000000000;0
218;1622013300000;0.000675000000000;0.000679000000000;0.000669000000000;0.000679000000000;7589.000000000000000;1622014199999;5.098052000000000;21;4046.000000000000000;2.726150000000000;0
219;1622014200000;0.000675000000000;0.000675000000000;0.000658000000000;0.000663000000000;14580.000000000000000;1622015099999;9.699921000000000;24;1550.000000000000000;1.029208000000000;0
220;1622015100000;0.000663000000000;0.000673000000000;0.000658000000000;0.000673000000000;18435.000000000000000;1622015999999;12.219875999999999;23;18189.000000000000000;12.057686000000000;0
221;1622016000000;0.000676000000000;0.000676000000000;0.000651000000000;0.000656000000000;31092.000000000000000;1622016899999;20.411664999999999;51;10802.000000000000000;7.100191000000000;0
222;1622016900000;0.000657000000000;0.000661000000000;0.000650000000000;0.000658000000000;3987.000000000000000;1622017799999;2.615702000000000;20;2251.000000000000000;1.480108000000000;0
223;1622017800000;0.000658000000000;0.000658000000000;0.000646000000000;0.000646000000000;38789.000000000000000;1622018699999;25.225432000000001;38;6290.000000000000000;4.107426000000000;0
224;1622018700000;0.000646000000000;0.000663000000000;0.000646000000000;0.000658000000000;15650.000000000000000;1622019599999;10.296144999999999;25;7395.000000000000000;4.867378000000000;0
225;1622019600000;0.000654000000000;0.000658000000000;0.000650000000000;0.000655000000000;3539.000000000000000;1622020499999;2.321697000000000;14;871.000000000000000;0.571029000000000;0
226;1622020500000;0.000658000000000;0.000667000000000;0.000654000000000;0.000663000000000;2936.000000000000000;1622021399999;1.942754000000000;16;2613.000000000000000;1.730072000000000;0
227;1622021400000;0.000660000000000;0.000661000000000;0.000654000000000;0.000657000000000;3713.000000000000000;1622022299999;2.436256000000000;8;1624.000000000000000;1.067072000000000;0
228;1622022300000;0.000657000000000;0.000668000000000;0.000657000000000;0.000660000000000;12126.000000000000000;1622023199999;8.035895000000000;22;7664.000000000000000;5.096859000000000;0
229;1622023200000;0.000660000000000;0.000660000000000;0.000650000000000;0.000654000000000;10748.000000000000000;1622024099999;7.027950000000000;19;1593.000000000000000;1.044321000000000;0
230;1622024100000;0.000657000000000;0.000678000000000;0.000657000000000;0.000672000000000;90618.000000000000000;1622024999999;61.178691000000001;36;90162.000000000000000;60.872259000000000;0
231;1622025000000;0.000672000000000;0.000680000000000;0.000672000000000;0.000672000000000;30367.000000000000000;1622025899999;20.564852999999999;43;17125.000000000000000;11.620129000000000;0
232;1622025900000;0.000676000000000;0.000692000000000;0.000676000000000;0.000685000000000;28650.000000000000000;1622026799999;19.640097999999998;39;8160.000000000000000;5.601478000000000;0
233;1622026800000;0.000684000000000;0.000688000000000;0.000670000000000;0.000672000000000;33779.000000000000000;1622027699999;22.923888000000002;47;2093.000000000000000;1.422865000000000;0
234;1622027700000;0.000672000000000;0.000679000000000;0.000669000000000;0.000679000000000;9363.000000000000000;1622028599999;6.324314000000000;18;5496.000000000000000;3.720223000000000;0
235;1622028600000;0.000679000000000;0.000679000000000;0.000672000000000;0.000676000000000;4322.000000000000000;1622029499999;2.914290000000000;14;3747.000000000000000;2.526898000000000;0
236;1622029500000;0.000672000000000;0.000672000000000;0.000661000000000;0.000670000000000;5031.000000000000000;1622030399999;3.351453000000000;14;341.000000000000000;0.227969000000000;0
237;1622030400000;0.000667000000000;0.000682000000000;0.000666000000000;0.000682000000000;128097.000000000000000;1622031299999;85.732083000000003;26;125157.000000000000000;83.770339000000007;0
238;1622031300000;0.000678000000000;0.000727000000000;0.000672000000000;0.000720000000000;93993.000000000000000;1622032199999;65.563708000000005;103;66680.000000000000000;46.796385000000001;0
239;1622032200000;0.000712000000000;0.000755000000000;0.000710000000000;0.000736000000000;112504.000000000000000;1622033099999;82.368433999999993;107;33040.000000000000000;24.092316000000000;0
240;1622033100000;0.000740000000000;0.000759000000000;0.000702000000000;0.000702000000000;311824.000000000000000;1622033999999;224.206340000000012;209;69557.000000000000000;49.872171000000002;0
241;1622034000000;0.000705000000000;0.000712000000000;0.000690000000000;0.000690000000000;74481.000000000000000;1622034899999;51.973933000000002;56;66083.000000000000000;46.131948999999999;0
242;1622034900000;0.000693000000000;0.000697000000000;0.000685000000000;0.000687000000000;33213.000000000000000;1622035799999;22.913539000000000;43;17215.000000000000000;11.895887000000000;0
243;1622035800000;0.000692000000000;0.000692000000000;0.000682000000000;0.000682000000000;70573.000000000000000;1622036699999;48.510674999999999;47;66477.000000000000000;45.713467999999999;0
244;1622036700000;0.000681000000000;0.000697000000000;0.000678000000000;0.000688000000000;140632.000000000000000;1622037599999;96.499700000000004;75;52321.000000000000000;35.939667000000000;0
245;1622037600000;0.000686000000000;0.000688000000000;0.000686000000000;0.000686000000000;12994.000000000000000;1622038499999;8.913928000000000;12;11178.000000000000000;7.668152000000000;0
246;1622038500000;0.000681000000000;0.000710000000000;0.000680000000000;0.000698000000000;184150.000000000000000;1622039399999;127.675066999999999;154;87662.000000000000000;61.050125000000001;0
247;1622039400000;0.000699000000000;0.000699000000000;0.000677000000000;0.000679000000000;44703.000000000000000;1622040299999;30.836676000000001;38;17262.000000000000000;11.923593000000000;0
248;1622040300000;0.000681000000000;0.000683000000000;0.000675000000000;0.000678000000000;9521.000000000000000;1622041199999;6.480813000000000;19;9079.000000000000000;6.181052000000000;0
249;1622041200000;0.000680000000000;0.000681000000000;0.000664000000000;0.000673000000000;148319.000000000000000;1622042099999;99.423293999999999;74;54559.000000000000000;36.765104999999998;0
250;1622042100000;0.000674000000000;0.000679000000000;0.000666000000000;0.000679000000000;24997.000000000000000;1622042999999;16.838111000000001;34;13867.000000000000000;9.350538000000000;0
251;1622043000000;0.000675000000000;0.000688000000000;0.000673000000000;0.000688000000000;5624.000000000000000;1622043899999;3.831913000000000;22;4316.000000000000000;2.942032000000000;0
252;1622043900000;0.000688000000000;0.000708000000000;0.000684000000000;0.000692000000000;31530.000000000000000;1622044799999;21.979526000000000;53;29374.000000000000000;20.496725000000001;0
253;1622044800000;0.000688000000000;0.000722000000000;0.000684000000000;0.000684000000000;114659.000000000000000;1622045699999;81.274716999999995;106;85103.000000000000000;60.916348999999997;0
254;1622045700000;0.000688000000000;0.000711000000000;0.000688000000000;0.000704000000000;4450.000000000000000;1622046599999;3.130127000000000;26;2946.000000000000000;2.068134000000000;0
255;1622046600000;0.000704000000000;0.000721000000000;0.000686000000000;0.000693000000000;91006.000000000000000;1622047499999;63.707760000000000;158;30965.000000000000000;21.711974999999999;0
256;1622047500000;0.000693000000000;0.000704000000000;0.000692000000000;0.000704000000000;7173.000000000000000;1622048399999;5.027986000000000;18;6710.000000000000000;4.707427000000000;0
257;1622048400000;0.000703000000000;0.000703000000000;0.000688000000000;0.000688000000000;9923.000000000000000;1622049299999;6.869165000000000;26;3331.000000000000000;2.315822000000000;0
258;1622049300000;0.000692000000000;0.000705000000000;0.000692000000000;0.000705000000000;18095.000000000000000;1622050199999;12.674562999999999;42;16192.000000000000000;11.348606000000000;0
259;1622050200000;0.000707000000000;0.000717000000000;0.000704000000000;0.000712000000000;24858.000000000000000;1622051099999;17.670501999999999;56;11772.000000000000000;8.385203000000001;0
260;1622051100000;0.000716000000000;0.000716000000000;0.000699000000000;0.000705000000000;30481.000000000000000;1622051999999;21.435105000000000;43;21068.000000000000000;14.817413999999999;0
261;1622052000000;0.000707000000000;0.000716000000000;0.000702000000000;0.000702000000000;12118.000000000000000;1622052899999;8.572191999999999;32;3439.000000000000000;2.450205000000000;0
262;1622052900000;0.000702000000000;0.000729000000000;0.000702000000000;0.000729000000000;39764.000000000000000;1622053799999;28.462472999999999;78;26353.000000000000000;18.872021000000000;0
263;1622053800000;0.000730000000000;0.000763000000000;0.000730000000000;0.000749000000000;216689.000000000000000;1622054699999;161.923947999999996;213;115909.000000000000000;86.518257000000006;0
264;1622054700000;0.000749000000000;0.000769000000000;0.000728000000000;0.000728000000000;195077.000000000000000;1622055599999;145.906788000000006;166;76760.000000000000000;58.164634999999997;0
265;1622055600000;0.000728000000000;0.000745000000000;0.000728000000000;0.000745000000000;70305.000000000000000;1622056499999;51.653624999999998;42;48349.000000000000000;35.550730999999999;0
266;1622056500000;0.000743000000000;0.000743000000000;0.000720000000000;0.000727000000000;74997.000000000000000;1622057399999;54.835647999999999;85;22734.000000000000000;16.581863999999999;0
267;1622057400000;0.000725000000000;0.000727000000000;0.000719000000000;0.000719000000000;19887.000000000000000;1622058299999;14.377712000000001;31;9631.000000000000000;6.966894000000000;0
268;1622058300000;0.000718000000000;0.000725000000000;0.000702000000000;0.000704000000000;92606.000000000000000;1622059199999;65.600572000000000;79;29903.000000000000000;21.320079000000000;0
269;1622059200000;0.000709000000000;0.000710000000000;0.000702000000000;0.000707000000000;25560.000000000000000;1622060099999;18.064283000000000;27;15938.000000000000000;11.273847999999999;0
270;1622060100000;0.000709000000000;0.000709000000000;0.000700000000000;0.000702000000000;5199.000000000000000;1622060999999;3.655470000000000;22;2476.000000000000000;1.745332000000000;0
271;1622061000000;0.000700000000000;0.000700000000000;0.000687000000000;0.000691000000000;12138.000000000000000;1622061899999;8.425530999999999;25;1150.000000000000000;0.800352000000000;0
272;1622061900000;0.000691000000000;0.000693000000000;0.000684000000000;0.000684000000000;8534.000000000000000;1622062799999;5.889940000000000;17;3431.000000000000000;2.368743000000000;0
273;1622062800000;0.000683000000000;0.000683000000000;0.000678000000000;0.000678000000000;3694.000000000000000;1622063699999;2.512445000000000;22;1506.000000000000000;1.023811000000000;0
274;1622063700000;0.000682000000000;0.000684000000000;0.000677000000000;0.000680000000000;8377.000000000000000;1622064599999;5.691316000000000;21;5995.000000000000000;4.072152000000000;0
275;1622064600000;0.000678000000000;0.000697000000000;0.000671000000000;0.000697000000000;124067.000000000000000;1622065499999;84.105857999999998;38;84585.000000000000000;57.357610999999999;0
276;1622065500000;0.000680000000000;0.000687000000000;0.000678000000000;0.000686000000000;12975.000000000000000;1622066399999;8.873308000000000;32;11354.000000000000000;7.769615000000000;0
277;1622066400000;0.000681000000000;0.000687000000000;0.000673000000000;0.000673000000000;18032.000000000000000;1622067299999;12.195484000000000;24;531.000000000000000;0.363402000000000;0
278;1622067300000;0.000673000000000;0.000678000000000;0.000665000000000;0.000670000000000;14113.000000000000000;1622068199999;9.437510000000000;30;2582.000000000000000;1.736431000000000;0
279;1622068200000;0.000670000000000;0.000672000000000;0.000669000000000;0.000672000000000;1343.000000000000000;1622069099999;0.901942000000000;5;1264.000000000000000;0.849012000000000;0
280;1622069100000;0.000666000000000;0.000670000000000;0.000661000000000;0.000665000000000;5813.000000000000000;1622069999999;3.864160000000000;14;1736.000000000000000;1.162290000000000;0
281;1622070000000;0.000661000000000;0.000661000000000;0.000651000000000;0.000661000000000;82185.000000000000000;1622070899999;53.828865999999998;47;29871.000000000000000;19.685124999999999;0
282;1622070900000;0.000661000000000;0.000662000000000;0.000657000000000;0.000660000000000;1901.000000000000000;1622071799999;1.255464000000000;7;1742.000000000000000;1.150581000000000;0
283;1622071800000;0.000662000000000;0.000669000000000;0.000662000000000;0.000664000000000;5951.000000000000000;1622072699999;3.965238000000000;13;5427.000000000000000;3.616254000000000;0
284;1622072700000;0.000664000000000;0.000664000000000;0.000664000000000;0.000664000000000;10051.000000000000000;1622073599999;6.673864000000000;2;9914.000000000000000;6.582896000000000;0
285;1622074500000;0.000681000000000;0.000681000000000;0.000666000000000;0.000669000000000;66222.000000000000000;1622075399999;44.568345999999998;57;744.000000000000000;0.500343000000000;0
286;1622075400000;0.000666000000000;0.000677000000000;0.000660000000000;0.000669000000000;46931.000000000000000;1622076299999;31.308532000000000;70;19053.000000000000000;12.701036000000000;0
287;1622076300000;0.000673000000000;0.000674000000000;0.000669000000000;0.000673000000000;10193.000000000000000;1622077199999;6.831964000000000;12;428.000000000000000;0.288045000000000;0
288;1622077200000;0.000675000000000;0.000675000000000;0.000669000000000;0.000673000000000;625.000000000000000;1622078099999;0.419705000000000;6;315.000000000000000;0.212315000000000;0
289;1622078100000;0.000672000000000;0.000681000000000;0.000669000000000;0.000681000000000;4963.000000000000000;1622078999999;3.344094000000000;14;4804.000000000000000;3.237723000000000;0
290;1622079000000;0.000682000000000;0.000691000000000;0.000677000000000;0.000691000000000;9894.000000000000000;1622079899999;6.799619000000000;16;8373.000000000000000;5.769902000000000;0
291;1622079900000;0.000690000000000;0.000690000000000;0.000664000000000;0.000673000000000;92569.000000000000000;1622080799999;62.300269000000000;86;9222.000000000000000;6.198849000000000;0
292;1622080800000;0.000674000000000;0.000675000000000;0.000669000000000;0.000669000000000;2746.000000000000000;1622081699999;1.843181000000000;8;151.000000000000000;0.101774000000000;0
293;1622081700000;0.000673000000000;0.000678000000000;0.000673000000000;0.000678000000000;52359.000000000000000;1622082599999;35.394106999999998;23;52359.000000000000000;35.394106999999998;0
294;1622082600000;0.000677000000000;0.000677000000000;0.000669000000000;0.000673000000000;2235.000000000000000;1622083499999;1.498892000000000;13;24.000000000000000;0.016152000000000;0
295;1622083500000;0.000671000000000;0.000672000000000;0.000665000000000;0.000665000000000;578.000000000000000;1622084399999;0.385365000000000;5;109.000000000000000;0.073163000000000;0
296;1622084400000;0.000670000000000;0.000673000000000;0.000670000000000;0.000671000000000;930.000000000000000;1622085299999;0.623785000000000;6;850.000000000000000;0.570105000000000;0
297;1622085300000;0.000666000000000;0.000666000000000;0.000664000000000;0.000664000000000;6976.000000000000000;1622086199999;4.645690000000000;5;0.000000000000000;0.000000000000000;0
298;1622086200000;0.000670000000000;0.000670000000000;0.000667000000000;0.000670000000000;1551.000000000000000;1622087099999;1.037454000000000;6;979.000000000000000;0.655930000000000;0
299;1622087100000;0.000670000000000;0.000673000000000;0.000670000000000;0.000673000000000;13003.000000000000000;1622087999999;8.750832000000001;10;13003.000000000000000;8.750832000000001;0
300;1622088000000;0.000669000000000;0.000670000000000;0.000666000000000;0.000670000000000;6427.000000000000000;1622088899999;4.280951000000000;8;23.000000000000000;0.015410000000000;0
301;1622088900000;0.000665000000000;0.000667000000000;0.000662000000000;0.000665000000000;2332.000000000000000;1622089799999;1.550167000000000;12;975.000000000000000;0.648991000000000;0
302;1622089800000;0.000665000000000;0.000669000000000;0.000659000000000;0.000659000000000;1873.000000000000000;1622090699999;1.238052000000000;14;431.000000000000000;0.286161000000000;0
303;1622090700000;0.000659000000000;0.000665000000000;0.000659000000000;0.000660000000000;1749.000000000000000;1622091599999;1.161615000000000;4;1504.000000000000000;0.999999000000000;0
304;1622091600000;0.000663000000000;0.000663000000000;0.000657000000000;0.000661000000000;440.000000000000000;1622092499999;0.290196000000000;5;240.000000000000000;0.158796000000000;0
305;1622092500000;0.000661000000000;0.000661000000000;0.000661000000000;0.000661000000000;0.000000000000000;1622093399999;0.000000000000000;0;0.000000000000000;0.000000000000000;0
306;1622093400000;0.000657000000000;0.000658000000000;0.000654000000000;0.000658000000000;2932.000000000000000;1622094299999;1.921243000000000;15;25.000000000000000;0.016450000000000;0
307;1622094300000;0.000658000000000;0.000664000000000;0.000658000000000;0.000664000000000;1564.000000000000000;1622095199999;1.032606000000000;7;929.000000000000000;0.614141000000000;0
308;1622095200000;0.000660000000000;0.000660000000000;0.000655000000000;0.000655000000000;1131.000000000000000;1622096099999;0.742653000000000;9;0.000000000000000;0.000000000000000;0
309;1622096100000;0.000658000000000;0.000667000000000;0.000657000000000;0.000667000000000;4760.000000000000000;1622096999999;3.152522000000000;17;4370.000000000000000;2.895152000000000;0
310;1622097000000;0.000666000000000;0.000669000000000;0.000662000000000;0.000667000000000;11528.000000000000000;1622097899999;7.659363000000000;12;3932.000000000000000;2.626946000000000;0
311;1622097900000;0.000665000000000;0.000667000000000;0.000665000000000;0.000665000000000;1530.000000000000000;1622098799999;1.018750000000000;3;650.000000000000000;0.433550000000000;0
312;1622098800000;0.000664000000000;0.000664000000000;0.000661000000000;0.000661000000000;2510.000000000000000;1622099699999;1.663112000000000;8;127.000000000000000;0.083947000000000;0
313;1622099700000;0.000661000000000;0.000666000000000;0.000661000000000;0.000666000000000;1648.000000000000000;1622100599999;1.090275000000000;3;23.000000000000000;0.015318000000000;0
314;1622100600000;0.000660000000000;0.000676000000000;0.000658000000000;0.000666000000000;58615.000000000000000;1622101499999;39.092824000000000;43;21681.000000000000000;14.456517000000000;0
315;1622101500000;0.000665000000000;0.000667000000000;0.000659000000000;0.000659000000000;2900.000000000000000;1622102399999;1.921058000000000;13;648.000000000000000;0.430970000000000;0
316;1622102400000;0.000660000000000;0.000660000000000;0.000653000000000;0.000658000000000;5149.000000000000000;1622103299999;3.378937000000000;21;163.000000000000000;0.107254000000000;0
317;1622103300000;0.000659000000000;0.000662000000000;0.000649000000000;0.000653000000000;56726.000000000000000;1622104199999;37.095120999999999;51;19051.000000000000000;12.538743000000000;0
318;1622104200000;0.000657000000000;0.000660000000000;0.000654000000000;0.000654000000000;4593.000000000000000;1622105099999;3.021018000000000;17;3408.000000000000000;2.243685000000000;0
319;1622105100000;0.000657000000000;0.000658000000000;0.000652000000000;0.000652000000000;6503.000000000000000;1622105999999;4.257021000000000;13;4737.000000000000000;3.103367000000000;0
320;1622106000000;0.000656000000000;0.000656000000000;0.000649000000000;0.000651000000000;7992.000000000000000;1622106899999;5.201112000000000;15;2847.000000000000000;1.856332000000000;0
321;1622106900000;0.000654000000000;0.000654000000000;0.000653000000000;0.000654000000000;30673.000000000000000;1622107799999;20.059252000000001;4;29783.000000000000000;19.478082000000001;0
322;1622107800000;0.000654000000000;0.000668000000000;0.000650000000000;0.000650000000000;32601.000000000000000;1622108699999;21.508823000000000;56;24104.000000000000000;15.951727000000000;0
323;1622108700000;0.000649000000000;0.000652000000000;0.000648000000000;0.000652000000000;4612.000000000000000;1622109599999;2.991608000000000;13;702.000000000000000;0.455720000000000;0
324;1622109600000;0.000649000000000;0.000652000000000;0.000646000000000;0.000646000000000;7053.000000000000000;1622110499999;4.578046000000000;12;1156.000000000000000;0.753099000000000;0
325;1622110500000;0.000646000000000;0.000646000000000;0.000639000000000;0.000642000000000;7829.000000000000000;1622111399999;5.031843000000000;31;26.000000000000000;0.016692000000000;0
326;1622111400000;0.000642000000000;0.000645000000000;0.000641000000000;0.000642000000000;12510.000000000000000;1622112299999;8.054076000000000;12;10026.000000000000000;6.461452000000000;0
327;1622112300000;0.000646000000000;0.000651000000000;0.000645000000000;0.000651000000000;5190.000000000000000;1622113199999;3.365436000000000;17;4975.000000000000000;3.226604000000000;0
328;1622113200000;0.000651000000000;0.000654000000000;0.000648000000000;0.000652000000000;21189.000000000000000;1622114099999;13.847633000000000;11;19523.000000000000000;12.765288999999999;0
329;1622114100000;0.000652000000000;0.000658000000000;0.000646000000000;0.000658000000000;5415.000000000000000;1622114999999;3.537379000000000;18;4212.000000000000000;2.758421000000000;0
330;1622115000000;0.000659000000000;0.000661000000000;0.000658000000000;0.000658000000000;12692.000000000000000;1622115899999;8.355521000000000;14;2673.000000000000000;1.762941000000000;0
331;1622115900000;0.000657000000000;0.000678000000000;0.000657000000000;0.000666000000000;68086.000000000000000;1622116799999;45.236350000000002;120;35696.000000000000000;23.907810000000001;0
332;1622116800000;0.000670000000000;0.000713000000000;0.000659000000000;0.000678000000000;284389.000000000000000;1622117699999;195.150322999999986;232;146780.000000000000000;101.411439999999999;0
333;1622117700000;0.000675000000000;0.000675000000000;0.000654000000000;0.000659000000000;46822.000000000000000;1622118599999;30.872737999999998;55;29443.000000000000000;19.381468999999999;0
334;1622118600000;0.000659000000000;0.000672000000000;0.000659000000000;0.000667000000000;23291.000000000000000;1622119499999;15.454757000000001;32;6686.000000000000000;4.446775000000000;0
335;1622119500000;0.000666000000000;0.000666000000000;0.000649000000000;0.000649000000000;17974.000000000000000;1622120399999;11.816426999999999;56;1213.000000000000000;0.803404000000000;0
336;1622120400000;0.000648000000000;0.000653000000000;0.000647000000000;0.000652000000000;18002.000000000000000;1622121299999;11.719614999999999;17;4283.000000000000000;2.794297000000000;0
337;1622121300000;0.000651000000000;0.000659000000000;0.000651000000000;0.000654000000000;11391.000000000000000;1622122199999;7.476253000000000;19;6060.000000000000000;3.982199000000000;0
338;1622122200000;0.000651000000000;0.000654000000000;0.000640000000000;0.000640000000000;32198.000000000000000;1622123099999;20.830729000000002;47;21717.000000000000000;14.069877999999999;0
339;1622123100000;0.000641000000000;0.000642000000000;0.000630000000000;0.000642000000000;144788.000000000000000;1622123999999;91.805870999999996;86;60988.000000000000000;38.899081000000002;0
340;1622124000000;0.000642000000000;0.000647000000000;0.000641000000000;0.000641000000000;5304.000000000000000;1622124899999;3.414712000000000;27;3904.000000000000000;2.516501000000000;0
341;1622124900000;0.000642000000000;0.000650000000000;0.000641000000000;0.000649000000000;15830.000000000000000;1622125799999;10.236324000000000;29;10005.000000000000000;6.470955000000000;0
342;1622125800000;0.000650000000000;0.000655000000000;0.000650000000000;0.000652000000000;14056.000000000000000;1622126699999;9.172280000000001;26;13977.000000000000000;9.120772000000001;0
343;1622126700000;0.000657000000000;0.000657000000000;0.000650000000000;0.000655000000000;6468.000000000000000;1622127599999;4.232592000000000;18;4944.000000000000000;3.239435000000000;0
344;1622127600000;0.000656000000000;0.000659000000000;0.000650000000000;0.000650000000000;10580.000000000000000;1622128499999;6.916169000000000;34;1202.000000000000000;0.789912000000000;0
345;1622128500000;0.000648000000000;0.000650000000000;0.000646000000000;0.000650000000000;15347.000000000000000;1622129399999;9.931079000000000;19;4506.000000000000000;2.926447000000000;0
346;1622129400000;0.000646000000000;0.000646000000000;0.000628000000000;0.000629000000000;107552.000000000000000;1622130299999;68.615962999999994;78;8094.000000000000000;5.151506000000000;0
347;1622130300000;0.000628000000000;0.000636000000000;0.000628000000000;0.000636000000000;10061.000000000000000;1622131199999;6.390581000000000;14;9507.000000000000000;6.042669000000000;0
348;1622131200000;0.000632000000000;0.000638000000000;0.000632000000000;0.000638000000000;4563.000000000000000;1622132099999;2.897380000000000;18;2289.000000000000000;1.458098000000000;0
349;1622132100000;0.000639000000000;0.000652000000000;0.000639000000000;0.000644000000000;25084.000000000000000;1622132999999;16.206485000000001;46;11572.000000000000000;7.472604000000000;0
350;1622133000000;0.000641000000000;0.000643000000000;0.000639000000000;0.000643000000000;19485.000000000000000;1622133899999;12.472873999999999;12;766.000000000000000;0.491164000000000;0
351;1622133900000;0.000641000000000;0.000641000000000;0.000636000000000;0.000636000000000;4274.000000000000000;1622134799999;2.728012000000000;12;610.000000000000000;0.391010000000000;0
352;1622134800000;0.000635000000000;0.000639000000000;0.000633000000000;0.000633000000000;1596.000000000000000;1622135699999;1.013721000000000;11;880.000000000000000;0.559813000000000;0
353;1622135700000;0.000637000000000;0.000638000000000;0.000634000000000;0.000634000000000;2045.000000000000000;1622136599999;1.301439000000000;5;192.000000000000000;0.122304000000000;0
354;1622136600000;0.000637000000000;0.000639000000000;0.000633000000000;0.000633000000000;5889.000000000000000;1622137499999;3.742132000000000;12;3309.000000000000000;2.100041000000000;0
355;1622137500000;0.000632000000000;0.000635000000000;0.000630000000000;0.000633000000000;26665.000000000000000;1622138399999;16.860813000000000;34;8772.000000000000000;5.556137000000000;0
356;1622138400000;0.000636000000000;0.000637000000000;0.000634000000000;0.000637000000000;2323.000000000000000;1622139299999;1.476112000000000;11;2323.000000000000000;1.476112000000000;0
357;1622139300000;0.000635000000000;0.000635000000000;0.000633000000000;0.000633000000000;2051.000000000000000;1622140199999;1.300248000000000;6;0.000000000000000;0.000000000000000;0
358;1622140200000;0.000632000000000;0.000635000000000;0.000632000000000;0.000635000000000;3590.000000000000000;1622141099999;2.277938000000000;9;2732.000000000000000;1.734820000000000;0
359;1622141100000;0.000631000000000;0.000647000000000;0.000628000000000;0.000647000000000;25428.000000000000000;1622141999999;16.179508999999999;35;19521.000000000000000;12.463706999999999;0
360;1622142000000;0.000642000000000;0.000646000000000;0.000630000000000;0.000637000000000;15373.000000000000000;1622142899999;9.791461000000000;33;3006.000000000000000;1.903999000000000;0
361;1622142900000;0.000634000000000;0.000636000000000;0.000633000000000;0.000633000000000;5782.000000000000000;1622143799999;3.669193000000000;19;0.000000000000000;0.000000000000000;0
362;1622143800000;0.000633000000000;0.000642000000000;0.000633000000000;0.000642000000000;9781.000000000000000;1622144699999;6.253792000000000;21;6498.000000000000000;4.152779000000000;0
363;1622144700000;0.000640000000000;0.000642000000000;0.000634000000000;0.000634000000000;4679.000000000000000;1622145599999;2.984830000000000;11;94.000000000000000;0.060348000000000;0
364;1622145600000;0.000633000000000;0.000635000000000;0.000630000000000;0.000635000000000;3139.000000000000000;1622146499999;1.985793000000000;11;1728.000000000000000;1.095792000000000;0
365;1622146500000;0.000631000000000;0.000631000000000;0.000629000000000;0.000629000000000;2521.000000000000000;1622147399999;1.587534000000000;7;0.000000000000000;0.000000000000000;0
366;1622147400000;0.000629000000000;0.000629000000000;0.000629000000000;0.000629000000000;0.000000000000000;1622148299999;0.000000000000000;0;0.000000000000000;0.000000000000000;0
367;1622148300000;0.000631000000000;0.000633000000000;0.000627000000000;0.000627000000000;3174.000000000000000;1622149199999;1.999171000000000;12;1919.000000000000000;1.209947000000000;0
368;1622149200000;0.000630000000000;0.000632000000000;0.000628000000000;0.000632000000000;1258.000000000000000;1622150099999;0.792713000000000;5;1176.000000000000000;0.741217000000000;0
369;1622150100000;0.000631000000000;0.000631000000000;0.000631000000000;0.000631000000000;1052.000000000000000;1622150999999;0.663812000000000;2;0.000000000000000;0.000000000000000;0
370;1622151000000;0.000633000000000;0.000633000000000;0.000625000000000;0.000627000000000;56955.000000000000000;1622151899999;35.640652000000003;27;3203.000000000000000;2.018313000000000;0
371;1622151900000;0.000624000000000;0.000627000000000;0.000624000000000;0.000627000000000;20241.000000000000000;1622152799999;12.684003000000001;12;17873.000000000000000;11.206371000000001;0
372;1622152800000;0.000629000000000;0.000629000000000;0.000628000000000;0.000628000000000;32023.000000000000000;1622153699999;20.110721000000002;11;32023.000000000000000;20.110721000000002;0
373;1622153700000;0.000626000000000;0.000627000000000;0.000626000000000;0.000627000000000;1499.000000000000000;1622154599999;0.939013000000000;2;1499.000000000000000;0.939013000000000;0
374;1622154600000;0.000625000000000;0.000630000000000;0.000625000000000;0.000630000000000;9547.000000000000000;1622155499999;5.977281000000000;9;2742.000000000000000;1.724156000000000;0
375;1622155500000;0.000630000000000;0.000633000000000;0.000630000000000;0.000633000000000;895.000000000000000;1622156399999;0.563931000000000;2;27.000000000000000;0.017091000000000;0
376;1622156400000;0.000632000000000;0.000649000000000;0.000632000000000;0.000638000000000;73397.000000000000000;1622157299999;47.222959000000003;67;50751.000000000000000;32.663809000000001;0
377;1622157300000;0.000640000000000;0.000640000000000;0.000631000000000;0.000631000000000;11273.000000000000000;1622158199999;7.131703000000000;14;414.000000000000000;0.264720000000000;0
378;1622158200000;0.000630000000000;0.000630000000000;0.000626000000000;0.000626000000000;6838.000000000000000;1622159099999;4.292133000000000;14;615.000000000000000;0.384990000000000;0
379;1622159100000;0.000625000000000;0.000629000000000;0.000623000000000;0.000624000000000;4459.000000000000000;1622159999999;2.790060000000000;17;832.000000000000000;0.522988000000000;0
380;1622160900000;0.000629000000000;0.000630000000000;0.000629000000000;0.000630000000000;822.000000000000000;1622161799999;0.517162000000000;4;822.000000000000000;0.517162000000000;0
381;1622161800000;0.000629000000000;0.000630000000000;0.000624000000000;0.000630000000000;2555.000000000000000;1622162699999;1.604954000000000;10;2293.000000000000000;1.441466000000000;0
382;1622162700000;0.000627000000000;0.000627000000000;0.000624000000000;0.000625000000000;1907.000000000000000;1622163599999;1.191064000000000;5;382.000000000000000;0.238750000000000;0
383;1622163600000;0.000622000000000;0.000625000000000;0.000616000000000;0.000618000000000;83386.000000000000000;1622164499999;51.622799000000001;61;36455.000000000000000;22.652581000000001;0
384;1622164500000;0.000621000000000;0.000623000000000;0.000621000000000;0.000623000000000;1773.000000000000000;1622165399999;1.101089000000000;3;28.000000000000000;0.017444000000000;0
385;1622165400000;0.000621000000000;0.000622000000000;0.000619000000000;0.000619000000000;9039.000000000000000;1622166299999;5.611562000000000;5;8166.000000000000000;5.071175000000000;0
386;1622166300000;0.000622000000000;0.000627000000000;0.000622000000000;0.000627000000000;2199.000000000000000;1622167199999;1.374397000000000;10;2118.000000000000000;1.324015000000000;0
387;1622167200000;0.000628000000000;0.000629000000000;0.000628000000000;0.000629000000000;1784.000000000000000;1622168099999;1.121321000000000;5;969.000000000000000;0.609501000000000;0
388;1622168100000;0.000630000000000;0.000633000000000;0.000630000000000;0.000630000000000;1539.000000000000000;1622168999999;0.970767000000000;8;1086.000000000000000;0.685377000000000;0
389;1622169000000;0.000632000000000;0.000633000000000;0.000632000000000;0.000632000000000;1541.000000000000000;1622169899999;0.974319000000000;5;1541.000000000000000;0.974319000000000;0
390;1622169900000;0.000633000000000;0.000633000000000;0.000633000000000;0.000633000000000;2743.000000000000000;1622170799999;1.736319000000000;6;1864.000000000000000;1.179912000000000;0
391;1622170800000;0.000636000000000;0.000636000000000;0.000636000000000;0.000636000000000;26.000000000000000;1622171699999;0.016536000000000;1;26.000000000000000;0.016536000000000;0
392;1622171700000;0.000632000000000;0.000637000000000;0.000625000000000;0.000630000000000;41431.000000000000000;1622172599999;26.024228000000001;33;13822.000000000000000;8.672791000000000;0
393;1622172600000;0.000626000000000;0.000632000000000;0.000626000000000;0.000630000000000;3206.000000000000000;1622173499999;2.017774000000000;9;2132.000000000000000;1.344522000000000;0
394;1622173500000;0.000629000000000;0.000630000000000;0.000627000000000;0.000630000000000;5750.000000000000000;1622174399999;3.615505000000000;9;3865.000000000000000;2.431946000000000;0
395;1622174400000;0.000629000000000;0.000629000000000;0.000626000000000;0.000626000000000;1903.000000000000000;1622175299999;1.194142000000000;6;0.000000000000000;0.000000000000000;0
396;1622175300000;0.000624000000000;0.000624000000000;0.000621000000000;0.000621000000000;2677.000000000000000;1622176199999;1.666056000000000;7;619.000000000000000;0.385637000000000;0
397;1622176200000;0.000624000000000;0.000624000000000;0.000618000000000;0.000619000000000;1280.000000000000000;1622177099999;0.793257000000000;6;849.000000000000000;0.526386000000000;0
398;1622177100000;0.000617000000000;0.000621000000000;0.000616000000000;0.000620000000000;6306.000000000000000;1622177999999;3.895148000000000;17;2089.000000000000000;1.296417000000000;0
399;1622178000000;0.000618000000000;0.000618000000000;0.000616000000000;0.000616000000000;780.000000000000000;1622178899999;0.480588000000000;3;0.000000000000000;0.000000000000000;0
400;1622178900000;0.000619000000000;0.000619000000000;0.000619000000000;0.000619000000000;1233.000000000000000;1622179799999;0.763227000000000;3;705.000000000000000;0.436395000000000;0
401;1622179800000;0.000618000000000;0.000618000000000;0.000607000000000;0.000608000000000;7221.000000000000000;1622180699999;4.414506000000000;26;1653.000000000000000;1.014649000000000;0
402;1622180700000;0.000613000000000;0.000614000000000;0.000613000000000;0.000614000000000;3154.000000000000000;1622181599999;1.933499000000000;3;3154.000000000000000;1.933499000000000;0
403;1622181600000;0.000610000000000;0.000615000000000;0.000610000000000;0.000612000000000;51397.000000000000000;1622182499999;31.354285999999998;44;50833.000000000000000;31.010245999999999;0
404;1622182500000;0.000609000000000;0.000614000000000;0.000608000000000;0.000611000000000;31927.000000000000000;1622183399999;19.526022000000001;16;26333.000000000000000;16.115796000000000;0
405;1622183400000;0.000609000000000;0.000616000000000;0.000609000000000;0.000616000000000;10818.000000000000000;1622184299999;6.644278000000000;13;8987.000000000000000;5.517830000000000;0
406;1622184300000;0.000613000000000;0.000618000000000;0.000613000000000;0.000616000000000;3304.000000000000000;1622185199999;2.034766000000000;8;943.000000000000000;0.582774000000000;0
407;1622185200000;0.000615000000000;0.000617000000000;0.000605000000000;0.000617000000000;104484.000000000000000;1622186099999;64.012857999999994;53;48011.000000000000000;29.524422999999999;0
408;1622186100000;0.000615000000000;0.000616000000000;0.000614000000000;0.000616000000000;2053.000000000000000;1622186999999;1.261658000000000;7;140.000000000000000;0.086123000000000;0
409;1622187000000;0.000617000000000;0.000617000000000;0.000609000000000;0.000609000000000;198.000000000000000;1622187899999;0.120854000000000;3;23.000000000000000;0.014191000000000;0
410;1622187900000;0.000611000000000;0.000611000000000;0.000606000000000;0.000607000000000;1511.000000000000000;1622188799999;0.916458000000000;6;1152.000000000000000;0.698904000000000;0
411;1622188800000;0.000609000000000;0.000612000000000;0.000607000000000;0.000607000000000;3742.000000000000000;1622189699999;2.280752000000000;9;2861.000000000000000;1.745860000000000;0
412;1622189700000;0.000611000000000;0.000611000000000;0.000608000000000;0.000608000000000;2649.000000000000000;1622190599999;1.614556000000000;7;724.000000000000000;0.442364000000000;0
413;1622190600000;0.000607000000000;0.000607000000000;0.000607000000000;0.000607000000000;1046.000000000000000;1622191499999;0.634922000000000;2;0.000000000000000;0.000000000000000;0
414;1622191500000;0.000608000000000;0.000608000000000;0.000601000000000;0.000601000000000;4869.000000000000000;1622192399999;2.944603000000000;19;1091.000000000000000;0.661428000000000;0
415;1622192400000;0.000608000000000;0.000609000000000;0.000602000000000;0.000607000000000;5083.000000000000000;1622193299999;3.087244000000000;7;4062.000000000000000;2.467004000000000;0
416;1622193300000;0.000605000000000;0.000610000000000;0.000605000000000;0.000610000000000;5140.000000000000000;1622194199999;3.127200000000000;4;4203.000000000000000;2.560315000000000;0
417;1622194200000;0.000610000000000;0.000613000000000;0.000609000000000;0.000613000000000;5251.000000000000000;1622195099999;3.211629000000000;14;4112.000000000000000;2.517809000000000;0
418;1622195100000;0.000611000000000;0.000615000000000;0.000606000000000;0.000606000000000;1950.000000000000000;1622195999999;1.187389000000000;6;83.000000000000000;0.051045000000000;0
419;1622196000000;0.000607000000000;0.000607000000000;0.000607000000000;0.000607000000000;598.000000000000000;1622196899999;0.362986000000000;1;0.000000000000000;0.000000000000000;0
420;1622196900000;0.000615000000000;0.000616000000000;0.000607000000000;0.000607000000000;2229.000000000000000;1622197799999;1.366882000000000;6;2145.000000000000000;1.315894000000000;0
421;1622197800000;0.000607000000000;0.000607000000000;0.000607000000000;0.000607000000000;0.000000000000000;1622198699999;0.000000000000000;0;0.000000000000000;0.000000000000000;0
422;1622198700000;0.000611000000000;0.000611000000000;0.000605000000000;0.000605000000000;1884.000000000000000;1622199599999;1.144182000000000;3;727.000000000000000;0.444197000000000;0
423;1622199600000;0.000604000000000;0.000604000000000;0.000603000000000;0.000603000000000;697.000000000000000;1622200499999;0.420397000000000;2;0.000000000000000;0.000000000000000;0
424;1622200500000;0.000606000000000;0.000606000000000;0.000605000000000;0.000606000000000;1646.000000000000000;1622201399999;0.997255000000000;4;1511.000000000000000;0.915580000000000;0
425;1622201400000;0.000603000000000;0.000610000000000;0.000603000000000;0.000607000000000;1987.000000000000000;1622202299999;1.202419000000000;5;30.000000000000000;0.018300000000000;0
426;1622202300000;0.000605000000000;0.000606000000000;0.000601000000000;0.000601000000000;4039.000000000000000;1622203199999;2.431992000000000;13;1338.000000000000000;0.808691000000000;0
427;1622203200000;0.000601000000000;0.000616000000000;0.000594000000000;0.000607000000000;171204.000000000000000;1622204099999;102.519433000000006;88;87829.000000000000000;52.801917000000003;0
428;1622204100000;0.000607000000000;0.000608000000000;0.000607000000000;0.000608000000000;1280.000000000000000;1622204999999;0.777722000000000;3;762.000000000000000;0.463296000000000;0
429;1622205000000;0.000612000000000;0.000619000000000;0.000612000000000;0.000619000000000;5351.000000000000000;1622205899999;3.299352000000000;8;5351.000000000000000;3.299352000000000;0
430;1622205900000;0.000620000000000;0.000620000000000;0.000608000000000;0.000608000000000;5530.000000000000000;1622206799999;3.408441000000000;11;3221.000000000000000;1.997020000000000;0
431;1622206800000;0.000612000000000;0.000617000000000;0.000606000000000;0.000611000000000;5718.000000000000000;1622207699999;3.487205000000000;12;2671.000000000000000;1.634780000000000;0
432;1622207700000;0.000617000000000;0.000624000000000;0.000617000000000;0.000624000000000;2524.000000000000000;1622208599999;1.566321000000000;13;2524.000000000000000;1.566321000000000;0
433;1622208600000;0.000621000000000;0.000623000000000;0.000617000000000;0.000617000000000;1432.000000000000000;1622209499999;0.884627000000000;10;182.000000000000000;0.112438000000000;0
434;1622209500000;0.000620000000000;0.000621000000000;0.000618000000000;0.000621000000000;562.000000000000000;1622210399999;0.348296000000000;4;390.000000000000000;0.242000000000000;0
435;1622210400000;0.000621000000000;0.000634000000000;0.000618000000000;0.000618000000000;15928.000000000000000;1622211299999;9.965897999999999;31;14491.000000000000000;9.077157000000000;0
436;1622211300000;0.000615000000000;0.000641000000000;0.000614000000000;0.000619000000000;54177.000000000000000;1622212199999;34.413860999999997;85;50617.000000000000000;32.211728000000001;0
437;1622212200000;0.000621000000000;0.000621000000000;0.000614000000000;0.000614000000000;23547.000000000000000;1622213099999;14.486262999999999;35;1838.000000000000000;1.140360000000000;0
438;1622213100000;0.000618000000000;0.000619000000000;0.000617000000000;0.000619000000000;981.000000000000000;1622213999999;0.606162000000000;4;981.000000000000000;0.606162000000000;0
439;1622214000000;0.000616000000000;0.000620000000000;0.000615000000000;0.000615000000000;2534.000000000000000;1622214899999;1.561267000000000;6;220.000000000000000;0.136016000000000;0
440;1622214900000;0.000614000000000;0.000618000000000;0.000611000000000;0.000615000000000;16388.000000000000000;1622215799999;10.035068000000001;21;1961.000000000000000;1.206644000000000;0
441;1622215800000;0.000616000000000;0.000620000000000;0.000616000000000;0.000620000000000;2687.000000000000000;1622216699999;1.662918000000000;7;2687.000000000000000;1.662918000000000;0
442;1622216700000;0.000617000000000;0.000617000000000;0.000613000000000;0.000613000000000;2962.000000000000000;1622217599999;1.819787000000000;6;0.000000000000000;0.000000000000000;0
443;1622217600000;0.000618000000000;0.000618000000000;0.000608000000000;0.000612000000000;8015.000000000000000;1622218499999;4.909625000000000;11;1112.000000000000000;0.681912000000000;0
444;1622218500000;0.000617000000000;0.000618000000000;0.000615000000000;0.000615000000000;2197.000000000000000;1622219399999;1.353684000000000;8;1851.000000000000000;1.140894000000000;0
445;1622219400000;0.000613000000000;0.000617000000000;0.000610000000000;0.000610000000000;5640.000000000000000;1622220299999;3.444962000000000;3;191.000000000000000;0.117847000000000;0
446;1622220300000;0.000609000000000;0.000611000000000;0.000609000000000;0.000611000000000;1184.000000000000000;1622221199999;0.721452000000000;2;198.000000000000000;0.120978000000000;0
447;1622221200000;0.000611000000000;0.000611000000000;0.000611000000000;0.000611000000000;200.000000000000000;1622222099999;0.122200000000000;1;200.000000000000000;0.122200000000000;0
448;1622222100000;0.000608000000000;0.000611000000000;0.000605000000000;0.000611000000000;3085.000000000000000;1622222999999;1.869651000000000;16;31.000000000000000;0.018941000000000;0
449;1622223000000;0.000611000000000;0.000614000000000;0.000611000000000;0.000614000000000;314.000000000000000;1622223899999;0.191947000000000;4;314.000000000000000;0.191947000000000;0
450;1622223900000;0.000614000000000;0.000615000000000;0.000611000000000;0.000615000000000;6824.000000000000000;1622224799999;4.192129000000000;5;5012.000000000000000;3.082246000000000;0
451;1622224800000;0.000609000000000;0.000609000000000;0.000606000000000;0.000606000000000;1718.000000000000000;1622225699999;1.045276000000000;4;530.000000000000000;0.322240000000000;0
452;1622225700000;0.000605000000000;0.000605000000000;0.000604000000000;0.000605000000000;1577.000000000000000;1622226599999;0.953826000000000;6;0.000000000000000;0.000000000000000;0
453;1622226600000;0.000607000000000;0.000607000000000;0.000607000000000;0.000607000000000;165.000000000000000;1622227499999;0.100155000000000;1;165.000000000000000;0.100155000000000;0
454;1622227500000;0.000608000000000;0.000610000000000;0.000608000000000;0.000610000000000;1397.000000000000000;1622228399999;0.850734000000000;3;1397.000000000000000;0.850734000000000;0
455;1622228400000;0.000611000000000;0.000611000000000;0.000609000000000;0.000609000000000;2196.000000000000000;1622229299999;1.339700000000000;4;199.000000000000000;0.121589000000000;0
456;1622229300000;0.000609000000000;0.000609000000000;0.000609000000000;0.000609000000000;3748.000000000000000;1622230199999;2.282532000000000;9;2768.000000000000000;1.685712000000000;0
457;1622230200000;0.000605000000000;0.000610000000000;0.000602000000000;0.000603000000000;6870.000000000000000;1622231099999;4.158803000000000;18;1868.000000000000000;1.134338000000000;0
458;1622231100000;0.000602000000000;0.000602000000000;0.000601000000000;0.000601000000000;1636.000000000000000;1622231999999;0.983330000000000;8;0.000000000000000;0.000000000000000;0
459;1622232000000;0.000606000000000;0.000611000000000;0.000606000000000;0.000611000000000;3501.000000000000000;1622232899999;2.131055000000000;6;3501.000000000000000;2.131055000000000;0
460;1622232900000;0.000612000000000;0.000612000000000;0.000610000000000;0.000610000000000;2000.000000000000000;1622233799999;1.222000000000000;3;0.000000000000000;0.000000000000000;0
461;1622233800000;0.000606000000000;0.000606000000000;0.000606000000000;0.000606000000000;182.000000000000000;1622234699999;0.110292000000000;1;0.000000000000000;0.000000000000000;0
462;1622234700000;0.000602000000000;0.000602000000000;0.000602000000000;0.000602000000000;1046.000000000000000;1622235599999;0.629692000000000;2;0.000000000000000;0.000000000000000;0
463;1622235600000;0.000606000000000;0.000606000000000;0.000600000000000;0.000600000000000;1520.000000000000000;1622236499999;0.916798000000000;5;739.000000000000000;0.447834000000000;0
464;1622236500000;0.000600000000000;0.000600000000000;0.000593000000000;0.000599000000000;2550.000000000000000;1622237399999;1.522311000000000;15;100.000000000000000;0.059900000000000;0
465;1622237400000;0.000595000000000;0.000595000000000;0.000594000000000;0.000594000000000;1345.000000000000000;1622238299999;0.800172000000000;5;0.000000000000000;0.000000000000000;0
466;1622238300000;0.000594000000000;0.000594000000000;0.000594000000000;0.000594000000000;176.000000000000000;1622239199999;0.104544000000000;2;176.000000000000000;0.104544000000000;0
467;1622239200000;0.000594000000000;0.000594000000000;0.000594000000000;0.000594000000000;0.000000000000000;1622240099999;0.000000000000000;0;0.000000000000000;0.000000000000000;0
468;1622240100000;0.000594000000000;0.000594000000000;0.000594000000000;0.000594000000000;0.000000000000000;1622240999999;0.000000000000000;0;0.000000000000000;0.000000000000000;0
469;1622241000000;0.000594000000000;0.000594000000000;0.000594000000000;0.000594000000000;0.000000000000000;1622241899999;0.000000000000000;0;0.000000000000000;0.000000000000000;0
470;1622241900000;0.000594000000000;0.000594000000000;0.000594000000000;0.000594000000000;0.000000000000000;1622242799999;0.000000000000000;0;0.000000000000000;0.000000000000000;0
471;1622242800000;0.000594000000000;0.000594000000000;0.000594000000000;0.000594000000000;0.000000000000000;1622243699999;0.000000000000000;0;0.000000000000000;0.000000000000000;0
472;1622243700000;0.000597000000000;0.000597000000000;0.000597000000000;0.000597000000000;838.000000000000000;1622244599999;0.500286000000000;2;838.000000000000000;0.500286000000000;0
473;1622244600000;0.000601000000000;0.000601000000000;0.000601000000000;0.000601000000000;4841.000000000000000;1622245499999;2.909441000000000;3;4841.000000000000000;2.909441000000000;0
474;1622245500000;0.000601000000000;0.000601000000000;0.000601000000000;0.000601000000000;0.000000000000000;1622246399999;0.000000000000000;0;0.000000000000000;0.000000000000000;0
475;1622247300000;0.000597000000000;0.000597000000000;0.000597000000000;0.000597000000000;2568.000000000000000;1622248199999;1.533096000000000;3;0.000000000000000;0.000000000000000;0
476;1622248200000;0.000596000000000;0.000596000000000;0.000596000000000;0.000596000000000;363.000000000000000;1622249099999;0.216348000000000;1;0.000000000000000;0.000000000000000;0
477;1622249100000;0.000601000000000;0.000606000000000;0.000601000000000;0.000606000000000;5910.000000000000000;1622249999999;3.557309000000000;3;5910.000000000000000;3.557309000000000;0
478;1622250000000;0.000598000000000;0.000602000000000;0.000598000000000;0.000602000000000;1294.000000000000000;1622250899999;0.776528000000000;2;679.000000000000000;0.408758000000000;0
479;1622250900000;0.000602000000000;0.000602000000000;0.000602000000000;0.000602000000000;71.000000000000000;1622251799999;0.042742000000000;1;71.000000000000000;0.042742000000000;0
480;1622251800000;0.000602000000000;0.000602000000000;0.000602000000000;0.000602000000000;0.000000000000000;1622252699999;0.000000000000000;0;0.000000000000000;0.000000000000000;0
481;1622252700000;0.000608000000000;0.000609000000000;0.000608000000000;0.000609000000000;994.000000000000000;1622253599999;0.604551000000000;2;994.000000000000000;0.604551000000000;0
482;1622253600000;0.000609000000000;0.000609000000000;0.000609000000000;0.000609000000000;0.000000000000000;1622254499999;0.000000000000000;0;0.000000000000000;0.000000000000000;0
483;1622254500000;0.000612000000000;0.000612000000000;0.000612000000000;0.000612000000000;29.000000000000000;1622255399999;0.017748000000000;1;29.000000000000000;0.017748000000000;0
484;1622255400000;0.000612000000000;0.000612000000000;0.000612000000000;0.000612000000000;0.000000000000000;1622256299999;0.000000000000000;0;0.000000000000000;0.000000000000000;0
485;1622256300000;0.000605000000000;0.000605000000000;0.000603000000000;0.000603000000000;684.000000000000000;1622257199999;0.413121000000000;8;0.000000000000000;0.000000000000000;0
486;1622257200000;0.000603000000000;0.000603000000000;0.000603000000000;0.000603000000000;0.000000000000000;1622258099999;0.000000000000000;0;0.000000000000000;0.000000000000000;0
487;1622258100000;0.000603000000000;0.000603000000000;0.000603000000000;0.000603000000000;0.000000000000000;1622258999999;0.000000000000000;0;0.000000000000000;0.000000000000000;0
488;1622259000000;0.000606000000000;0.000606000000000;0.000606000000000;0.000606000000000;666.000000000000000;1622259899999;0.403596000000000;1;666.000000000000000;0.403596000000000;0
489;1622259900000;0.000606000000000;0.000606000000000;0.000606000000000;0.000606000000000;0.000000000000000;1622260799999;0.000000000000000;0;0.000000000000000;0.000000000000000;0
490;1622260800000;0.000606000000000;0.000606000000000;0.000606000000000;0.000606000000000;0.000000000000000;1622261699999;0.000000000000000;0;0.000000000000000;0.000000000000000;0
491;1622261700000;0.000606000000000;0.000606000000000;0.000606000000000;0.000606000000000;0.000000000000000;1622262599999;0.000000000000000;0;0.000000000000000;0.000000000000000;0
492;1622262600000;0.000606000000000;0.000606000000000;0.000606000000000;0.000606000000000;0.000000000000000;1622263499999;0.000000000000000;0;0.000000000000000;0.000000000000000;0
493;1622263500000;0.000601000000000;0.000601000000000;0.000598000000000;0.000598000000000;1823.000000000000000;1622264399999;1.092108000000000;12;0.000000000000000;0.000000000000000;0
494;1622264400000;0.000598000000000;0.000598000000000;0.000598000000000;0.000598000000000;0.000000000000000;1622265299999;0.000000000000000;0;0.000000000000000;0.000000000000000;0
495;1622265300000;0.000609000000000;0.000609000000000;0.000609000000000;0.000609000000000;751.000000000000000;1622266199999;0.457359000000000;1;751.000000000000000;0.457359000000000;0
496;1622266200000;0.000612000000000;0.000616000000000;0.000612000000000;0.000616000000000;507.000000000000000;1622267099999;0.311225000000000;3;507.000000000000000;0.311225000000000;0
497;1622267100000;0.000613000000000;0.000613000000000;0.000612000000000;0.000612000000000;3261.000000000000000;1622267999999;1.998789000000000;2;0.000000000000000;0.000000000000000;0
498;1622268000000;0.000612000000000;0.000612000000000;0.000612000000000;0.000612000000000;0.000000000000000;1622268899999;0.000000000000000;0;0.000000000000000;0.000000000000000;0
499;1622268900000;0.000618000000000;0.000632000000000;0.000618000000000;0.000627000000000;24901.000000000000000;1622269799999;15.605878000000001;33;24134.000000000000000;15.125479000000000;0
500;1622269800000;0.000627000000000;0.000627000000000;0.000621000000000;0.000621000000000;6062.000000000000000;1622270699999;3.769081000000000;14;81.000000000000000;0.050787000000000;0
501;1622270700000;0.000621000000000;0.000621000000000;0.000621000000000;0.000621000000000;0.000000000000000;1622271599999;0.000000000000000;0;0.000000000000000;0.000000000000000;0
502;1622271600000;0.000624000000000;0.000626000000000;0.000621000000000;0.000621000000000;913.000000000000000;1622272499999;0.570341000000000;4;742.000000000000000;0.464150000000000;0
503;1622272500000;0.000621000000000;0.000621000000000;0.000620000000000;0.000620000000000;196.000000000000000;1622273399999;0.121632000000000;2;0.000000000000000;0.000000000000000;0
504;1622273400000;0.000624000000000;0.000627000000000;0.000617000000000;0.000617000000000;1941.000000000000000;1622274299999;1.205789000000000;9;458.000000000000000;0.286083000000000;0
505;1622274300000;0.000615000000000;0.000618000000000;0.000615000000000;0.000618000000000;726.000000000000000;1622275199999;0.447009000000000;4;173.000000000000000;0.106914000000000;0
506;1622275200000;0.000618000000000;0.000621000000000;0.000615000000000;0.000615000000000;684.000000000000000;1622276099999;0.422814000000000;4;374.000000000000000;0.231648000000000;0
507;1622276100000;0.000621000000000;0.000621000000000;0.000618000000000;0.000618000000000;344.000000000000000;1622276999999;0.213108000000000;2;172.000000000000000;0.106812000000000;0
508;1622277000000;0.000618000000000;0.000618000000000;0.000618000000000;0.000618000000000;81.000000000000000;1622277899999;0.050058000000000;1;81.000000000000000;0.050058000000000;0
509;1622277900000;0.000615000000000;0.000615000000000;0.000615000000000;0.000615000000000;200.000000000000000;1622278799999;0.123000000000000;2;0.000000000000000;0.000000000000000;0
510;1622278800000;0.000618000000000;0.000621000000000;0.000609000000000;0.000609000000000;1071.000000000000000;1622279699999;0.659447000000000;7;345.000000000000000;0.213726000000000;0
511;1622279700000;0.000609000000000;0.000609000000000;0.000609000000000;0.000609000000000;152.000000000000000;1622280599999;0.092568000000000;1;152.000000000000000;0.092568000000000;0
512;1622280600000;0.000609000000000;0.000609000000000;0.000609000000000;0.000609000000000;0.000000000000000;1622281499999;0.000000000000000;0;0.000000000000000;0.000000000000000;0
513;1622281500000;0.000604000000000;0.000621000000000;0.000604000000000;0.000621000000000;5520.000000000000000;1622282399999;3.375705000000000;15;4136.000000000000000;2.539769000000000;0
514;1622282400000;0.000624000000000;0.000660000000000;0.000620000000000;0.000650000000000;177056.000000000000000;1622283299999;113.717708999999999;167;140268.000000000000000;90.318500000000000;0
515;1622283300000;0.000653000000000;0.000666000000000;0.000653000000000;0.000655000000000;107275.000000000000000;1622284199999;70.795289999999994;74;46142.000000000000000;30.586929000000001;0
516;1622284200000;0.000654000000000;0.000659000000000;0.000648000000000;0.000655000000000;87598.000000000000000;1622285099999;57.039054000000000;37;16427.000000000000000;10.780264000000001;0
517;1622285100000;0.000653000000000;0.000663000000000;0.000651000000000;0.000662000000000;81646.000000000000000;1622285999999;53.443432000000001;22;58222.000000000000000;38.154770999999997;0
518;1622286000000;0.000661000000000;0.000661000000000;0.000657000000000;0.000661000000000;4765.000000000000000;1622286899999;3.139923000000000;12;3194.000000000000000;2.105852000000000;0
519;1622286900000;0.000660000000000;0.000660000000000;0.000634000000000;0.000640000000000;221345.000000000000000;1622287799999;141.844330000000014;106;49426.000000000000000;31.691808000000002;0
520;1622287800000;0.000640000000000;0.000649000000000;0.000639000000000;0.000649000000000;95456.000000000000000;1622288699999;61.237982000000002;50;84729.000000000000000;54.380668999999997;0
521;1622288700000;0.000650000000000;0.000650000000000;0.000650000000000;0.000650000000000;105.000000000000000;1622289599999;0.068250000000000;2;26.000000000000000;0.016900000000000;0
522;1622289600000;0.000649000000000;0.000649000000000;0.000643000000000;0.000644000000000;18654.000000000000000;1622290499999;12.058548000000000;13;79.000000000000000;0.050876000000000;0
523;1622290500000;0.000642000000000;0.000642000000000;0.000636000000000;0.000638000000000;19088.000000000000000;1622291399999;12.193595000000000;19;14022.000000000000000;8.960381000000000;0
524;1622291400000;0.000640000000000;0.000641000000000;0.000636000000000;0.000638000000000;31515.000000000000000;1622292299999;20.147030999999998;15;20490.000000000000000;13.101055000000001;0
525;1622292300000;0.000638000000000;0.000639000000000;0.000630000000000;0.000630000000000;3049.000000000000000;1622293199999;1.927424000000000;10;29.000000000000000;0.018531000000000;0
526;1622293200000;0.000628000000000;0.000628000000000;0.000622000000000;0.000626000000000;4556.000000000000000;1622294099999;2.846037000000000;11;26.000000000000000;0.016276000000000;0
527;1622294100000;0.000626000000000;0.000627000000000;0.000624000000000;0.000624000000000;10636.000000000000000;1622294999999;6.658776000000000;6;7548.000000000000000;4.731864000000000;0
528;1622295000000;0.000627000000000;0.000633000000000;0.000627000000000;0.000630000000000;2045.000000000000000;1622295899999;1.287826000000000;8;1706.000000000000000;1.074766000000000;0
529;1622295900000;0.000627000000000;0.000629000000000;0.000626000000000;0.000626000000000;1002.000000000000000;1622296799999;0.627719000000000;3;832.000000000000000;0.521129000000000;0
530;1622296800000;0.000630000000000;0.000631000000000;0.000627000000000;0.000630000000000;1039.000000000000000;1622297699999;0.654736000000000;4;869.000000000000000;0.548146000000000;0
531;1622297700000;0.000624000000000;0.000627000000000;0.000624000000000;0.000627000000000;2807.000000000000000;1622298599999;1.756937000000000;3;2637.000000000000000;1.650857000000000;0
532;1622298600000;0.000621000000000;0.000624000000000;0.000615000000000;0.000615000000000;3513.000000000000000;1622299499999;2.169181000000000;15;29.000000000000000;0.018096000000000;0
533;1622299500000;0.000612000000000;0.000617000000000;0.000612000000000;0.000617000000000;411.000000000000000;1622300399999;0.252162000000000;4;126.000000000000000;0.077742000000000;0
534;1622300400000;0.000612000000000;0.000612000000000;0.000608000000000;0.000608000000000;3932.000000000000000;1622301299999;2.396037000000000;8;0.000000000000000;0.000000000000000;0
535;1622301300000;0.000615000000000;0.000617000000000;0.000610000000000;0.000611000000000;6403.000000000000000;1622302199999;3.929716000000000;9;3725.000000000000000;2.295097000000000;0
536;1622302200000;0.000611000000000;0.000611000000000;0.000611000000000;0.000611000000000;0.000000000000000;1622303099999;0.000000000000000;0;0.000000000000000;0.000000000000000;0
537;1622303100000;0.000618000000000;0.000618000000000;0.000618000000000;0.000618000000000;25.000000000000000;1622303999999;0.015450000000000;1;25.000000000000000;0.015450000000000;0
538;1622304000000;0.000610000000000;0.000617000000000;0.000610000000000;0.000617000000000;927.000000000000000;1622304899999;0.569019000000000;3;507.000000000000000;0.312819000000000;0
539;1622304900000;0.000609000000000;0.000609000000000;0.000609000000000;0.000609000000000;800.000000000000000;1622305799999;0.487200000000000;1;800.000000000000000;0.487200000000000;0
540;1622305800000;0.000611000000000;0.000614000000000;0.000611000000000;0.000614000000000;751.000000000000000;1622306699999;0.460328000000000;2;489.000000000000000;0.300246000000000;0
541;1622306700000;0.000614000000000;0.000614000000000;0.000614000000000;0.000614000000000;0.000000000000000;1622307599999;0.000000000000000;0;0.000000000000000;0.000000000000000;0
542;1622307600000;0.000614000000000;0.000614000000000;0.000612000000000;0.000612000000000;1579.000000000000000;1622308499999;0.968858000000000;2;0.000000000000000;0.000000000000000;0
543;1622308500000;0.000611000000000;0.000611000000000;0.000604000000000;0.000604000000000;44374.000000000000000;1622309399999;26.913820000000001;17;2583.000000000000000;1.565298000000000;0
544;1622309400000;0.000604000000000;0.000604000000000;0.000599000000000;0.000599000000000;25371.000000000000000;1622310299999;15.310943000000000;23;19222.000000000000000;11.610087999999999;0
545;1622310300000;0.000599000000000;0.000599000000000;0.000599000000000;0.000599000000000;665.000000000000000;1622311199999;0.398335000000000;1;0.000000000000000;0.000000000000000;0
546;1622311200000;0.000603000000000;0.000604000000000;0.000603000000000;0.000604000000000;750.000000000000000;1622312099999;0.452832000000000;3;750.000000000000000;0.452832000000000;0
547;1622312100000;0.000600000000000;0.000600000000000;0.000598000000000;0.000598000000000;1331.000000000000000;1622312999999;0.796988000000000;6;403.000000000000000;0.240994000000000;0
548;1622313000000;0.000601000000000;0.000603000000000;0.000601000000000;0.000603000000000;337.000000000000000;1622313899999;0.202873000000000;2;337.000000000000000;0.202873000000000;0
549;1622313900000;0.000600000000000;0.000601000000000;0.000598000000000;0.000601000000000;443.000000000000000;1622314799999;0.265568000000000;3;106.000000000000000;0.063706000000000;0
550;1622314800000;0.000601000000000;0.000604000000000;0.000600000000000;0.000600000000000;2779.000000000000000;1622315699999;1.677487000000000;4;2611.000000000000000;1.576687000000000;0
551;1622315700000;0.000598000000000;0.000599000000000;0.000596000000000;0.000596000000000;5767.000000000000000;1622316599999;3.452518000000000;9;0.000000000000000;0.000000000000000;0
552;1622316600000;0.000595000000000;0.000597000000000;0.000595000000000;0.000597000000000;1213.000000000000000;1622317499999;0.722187000000000;2;226.000000000000000;0.134922000000000;0
553;1622317500000;0.000599000000000;0.000605000000000;0.000599000000000;0.000605000000000;1513.000000000000000;1622318399999;0.911519000000000;5;1513.000000000000000;0.911519000000000;0
554;1622318400000;0.000601000000000;0.000601000000000;0.000600000000000;0.000600000000000;1358.000000000000000;1622319299999;0.815990000000000;3;0.000000000000000;0.000000000000000;0
555;1622319300000;0.000599000000000;0.000599000000000;0.000593000000000;0.000593000000000;1838.000000000000000;1622320199999;1.095063000000000;14;0.000000000000000;0.000000000000000;0
556;1622320200000;0.000597000000000;0.000604000000000;0.000597000000000;0.000604000000000;2786.000000000000000;1622321099999;1.674968000000000;10;2786.000000000000000;1.674968000000000;0
557;1622321100000;0.000600000000000;0.000601000000000;0.000598000000000;0.000601000000000;529.000000000000000;1622321999999;0.317185000000000;4;169.000000000000000;0.101569000000000;0
558;1622322000000;0.000602000000000;0.000606000000000;0.000602000000000;0.000606000000000;3721.000000000000000;1622322899999;2.248762000000000;8;3597.000000000000000;2.174114000000000;0
559;1622322900000;0.000607000000000;0.000609000000000;0.000607000000000;0.000609000000000;334.000000000000000;1622323799999;0.203072000000000;3;334.000000000000000;0.203072000000000;0
560;1622323800000;0.000609000000000;0.000614000000000;0.000607000000000;0.000610000000000;44456.000000000000000;1622324699999;27.047415000000001;29;36422.000000000000000;22.156987000000001;0
561;1622324700000;0.000611000000000;0.000615000000000;0.000611000000000;0.000614000000000;6197.000000000000000;1622325599999;3.804516000000000;9;6197.000000000000000;3.804516000000000;0
562;1622325600000;0.000615000000000;0.000616000000000;0.000615000000000;0.000616000000000;3945.000000000000000;1622326499999;2.429215000000000;7;3945.000000000000000;2.429215000000000;0
563;1622326500000;0.000617000000000;0.000617000000000;0.000614000000000;0.000615000000000;359.000000000000000;1622327399999;0.221085000000000;4;192.000000000000000;0.118464000000000;0
564;1622327400000;0.000618000000000;0.000623000000000;0.000618000000000;0.000623000000000;3022.000000000000000;1622328299999;1.876469000000000;10;2840.000000000000000;1.763811000000000;0
565;1622328300000;0.000620000000000;0.000620000000000;0.000616000000000;0.000617000000000;3440.000000000000000;1622329199999;2.123032000000000;4;0.000000000000000;0.000000000000000;0
566;1622329200000;0.000617000000000;0.000617000000000;0.000617000000000;0.000617000000000;0.000000000000000;1622330099999;0.000000000000000;0;0.000000000000000;0.000000000000000;0
567;1622330100000;0.000621000000000;0.000621000000000;0.000621000000000;0.000621000000000;163.000000000000000;1622330999999;0.101223000000000;1;163.000000000000000;0.101223000000000;0
568;1622331000000;0.000618000000000;0.000621000000000;0.000614000000000;0.000619000000000;6961.000000000000000;1622331899999;4.316387000000000;14;701.000000000000000;0.433706000000000;0
569;1622331900000;0.000620000000000;0.000621000000000;0.000619000000000;0.000619000000000;625.000000000000000;1622332799999;0.387565000000000;3;625.000000000000000;0.387565000000000;0
570;1622333700000;0.000616000000000;0.000616000000000;0.000604000000000;0.000604000000000;3309.000000000000000;1622334599999;2.015449000000000;17;0.000000000000000;0.000000000000000;0
571;1622334600000;0.000607000000000;0.000609000000000;0.000603000000000;0.000609000000000;2014.000000000000000;1622335499999;1.221116000000000;9;1571.000000000000000;0.953653000000000;0
572;1622335500000;0.000609000000000;0.000615000000000;0.000609000000000;0.000615000000000;773.000000000000000;1622336399999;0.472880000000000;5;773.000000000000000;0.472880000000000;0
573;1622336400000;0.000612000000000;0.000612000000000;0.000608000000000;0.000608000000000;1472.000000000000000;1622337299999;0.896848000000000;7;880.000000000000000;0.535920000000000;0
574;1622337300000;0.000611000000000;0.000611000000000;0.000604000000000;0.000604000000000;1311.000000000000000;1622338199999;0.794724000000000;10;166.000000000000000;0.101426000000000;0
575;1622338200000;0.000607000000000;0.000609000000000;0.000607000000000;0.000609000000000;334.000000000000000;1622339099999;0.203072000000000;2;334.000000000000000;0.203072000000000;0
576;1622339100000;0.000611000000000;0.000613000000000;0.000611000000000;0.000613000000000;332.000000000000000;1622339999999;0.203184000000000;2;332.000000000000000;0.203184000000000;0
577;1622340000000;0.000610000000000;0.000617000000000;0.000610000000000;0.000617000000000;914.000000000000000;1622340899999;0.559549000000000;6;429.000000000000000;0.263699000000000;0
578;1622340900000;0.000617000000000;0.000625000000000;0.000617000000000;0.000624000000000;2569.000000000000000;1622341799999;1.598299000000000;12;2259.000000000000000;1.404859000000000;0
579;1622341800000;0.000620000000000;0.000621000000000;0.000618000000000;0.000621000000000;1448.000000000000000;1622342699999;0.895679000000000;5;163.000000000000000;0.101223000000000;0
580;1622342700000;0.000623000000000;0.000625000000000;0.000620000000000;0.000625000000000;3892.000000000000000;1622343599999;2.425098000000000;14;2987.000000000000000;1.863256000000000;0
581;1622343600000;0.000625000000000;0.000627000000000;0.000613000000000;0.000613000000000;4905.000000000000000;1622344499999;3.058386000000000;21;3179.000000000000000;1.989324000000000;0
582;1622344500000;0.000617000000000;0.000621000000000;0.000617000000000;0.000621000000000;1982.000000000000000;1622345399999;1.224656000000000;6;1982.000000000000000;1.224656000000000;0
583;1622345400000;0.000623000000000;0.000628000000000;0.000623000000000;0.000624000000000;1882.000000000000000;1622346299999;1.177241000000000;8;1784.000000000000000;1.116089000000000;0
584;1622346300000;0.000624000000000;0.000632000000000;0.000620000000000;0.000632000000000;17713.000000000000000;1622347199999;11.064404000000000;27;16206.000000000000000;10.127248000000000;0
585;1622347200000;0.000633000000000;0.000634000000000;0.000623000000000;0.000634000000000;12204.000000000000000;1622348099999;7.679168000000000;27;4636.000000000000000;2.930827000000000;0
586;1622348100000;0.000630000000000;0.000630000000000;0.000627000000000;0.000629000000000;3360.000000000000000;1622348999999;2.113267000000000;14;0.000000000000000;0.000000000000000;0
587;1622349000000;0.000630000000000;0.000635000000000;0.000630000000000;0.000632000000000;4219.000000000000000;1622349899999;2.667017000000000;16;4103.000000000000000;2.593705000000000;0
588;1622349900000;0.000637000000000;0.000646000000000;0.000635000000000;0.000646000000000;6733.000000000000000;1622350799999;4.320224000000000;20;6479.000000000000000;4.157678000000000;0
589;1622350800000;0.000644000000000;0.000644000000000;0.000634000000000;0.000634000000000;7455.000000000000000;1622351699999;4.757172000000000;18;970.000000000000000;0.614980000000000;0
590;1622351700000;0.000637000000000;0.000644000000000;0.000636000000000;0.000636000000000;8943.000000000000000;1622352599999;5.722550000000000;21;3467.000000000000000;2.220665000000000;0
591;1622352600000;0.000634000000000;0.000634000000000;0.000631000000000;0.000633000000000;3100.000000000000000;1622353499999;1.961013000000000;7;0.000000000000000;0.000000000000000;0
592;1622353500000;0.000634000000000;0.000635000000000;0.000632000000000;0.000632000000000;2187.000000000000000;1622354399999;1.384590000000000;8;889.000000000000000;0.563786000000000;0
593;1622354400000;0.000634000000000;0.000637000000000;0.000627000000000;0.000629000000000;9822.000000000000000;1622355299999;6.187524000000000;27;3883.000000000000000;2.454637000000000;0
594;1622355300000;0.000629000000000;0.000629000000000;0.000623000000000;0.000623000000000;1815.000000000000000;1622356199999;1.136340000000000;7;426.000000000000000;0.267954000000000;0
595;1622356200000;0.000622000000000;0.000635000000000;0.000622000000000;0.000635000000000;9028.000000000000000;1622357099999;5.685454000000000;28;8010.000000000000000;5.050817000000000;0
596;1622357100000;0.000637000000000;0.000637000000000;0.000625000000000;0.000625000000000;14697.000000000000000;1622357999999;9.265502000000000;13;159.000000000000000;0.101283000000000;0
597;1622358000000;0.000624000000000;0.000627000000000;0.000624000000000;0.000627000000000;1959.000000000000000;1622358899999;1.227549000000000;7;1797.000000000000000;1.126461000000000;0
598;1622358900000;0.000625000000000;0.000627000000000;0.000620000000000;0.000620000000000;4640.000000000000000;1622359799999;2.892848000000000;17;87.000000000000000;0.054419000000000;0
599;1622359800000;0.000623000000000;0.000625000000000;0.000621000000000;0.000621000000000;6805.000000000000000;1622360699999;4.240869000000000;19;3349.000000000000000;2.091633000000000;0
600;1622360700000;0.000624000000000;0.000624000000000;0.000624000000000;0.000624000000000;28.000000000000000;1622361599999;0.017472000000000;1;28.000000000000000;0.017472000000000;0
601;1622361600000;0.000624000000000;0.000624000000000;0.000624000000000;0.000624000000000;0.000000000000000;1622362499999;0.000000000000000;0;0.000000000000000;0.000000000000000;0
602;1622362500000;0.000620000000000;0.000623000000000;0.000620000000000;0.000623000000000;938.000000000000000;1622363399999;0.582789000000000;3;903.000000000000000;0.561089000000000;0
603;1622363400000;0.000624000000000;0.000629000000000;0.000624000000000;0.000626000000000;4645.000000000000000;1622364299999;2.914965000000000;10;4484.000000000000000;2.814179000000000;0
604;1622364300000;0.000629000000000;0.000639000000000;0.000629000000000;0.000639000000000;5188.000000000000000;1622365199999;3.284121000000000;15;4766.000000000000000;3.016836000000000;0
605;1622365200000;0.000636000000000;0.000639000000000;0.000635000000000;0.000635000000000;2000.000000000000000;1622366099999;1.272189000000000;5;1133.000000000000000;0.721644000000000;0
606;1622366100000;0.000635000000000;0.000637000000000;0.000626000000000;0.000626000000000;11602.000000000000000;1622366999999;7.329650000000000;25;4645.000000000000000;2.944428000000000;0
607;1622367000000;0.000624000000000;0.000624000000000;0.000624000000000;0.000624000000000;162.000000000000000;1622367899999;0.101088000000000;1;0.000000000000000;0.000000000000000;0
608;1622367900000;0.000624000000000;0.000625000000000;0.000620000000000;0.000621000000000;5694.000000000000000;1622368799999;3.543016000000000;14;815.000000000000000;0.509275000000000;0
609;1622368800000;0.000619000000000;0.000621000000000;0.000618000000000;0.000621000000000;488.000000000000000;1622369699999;0.302235000000000;3;163.000000000000000;0.101223000000000;0
610;1622369700000;0.000618000000000;0.000621000000000;0.000617000000000;0.000621000000000;1049.000000000000000;1622370599999;0.650540000000000;5;786.000000000000000;0.488106000000000;0
611;1622370600000;0.000618000000000;0.000618000000000;0.000618000000000;0.000618000000000;163.000000000000000;1622371499999;0.100734000000000;1;0.000000000000000;0.000000000000000;0
612;1622371500000;0.000617000000000;0.000619000000000;0.000615000000000;0.000615000000000;3056.000000000000000;1622372399999;1.885773000000000;9;1285.000000000000000;0.795059000000000;0
613;1622372400000;0.000619000000000;0.000621000000000;0.000616000000000;0.000616000000000;1423.000000000000000;1622373299999;0.881277000000000;7;1096.000000000000000;0.679519000000000;0
614;1622373300000;0.000616000000000;0.000616000000000;0.000616000000000;0.000616000000000;702.000000000000000;1622374199999;0.432432000000000;2;702.000000000000000;0.432432000000000;0
615;1622374200000;0.000614000000000;0.000619000000000;0.000614000000000;0.000619000000000;1393.000000000000000;1622375099999;0.860612000000000;6;1128.000000000000000;0.697902000000000;0
616;1622375100000;0.000621000000000;0.000621000000000;0.000620000000000;0.000620000000000;1633.000000000000000;1622375999999;1.013340000000000;6;1633.000000000000000;1.013340000000000;0
617;1622376000000;0.000622000000000;0.000622000000000;0.000620000000000;0.000620000000000;1539.000000000000000;1622376899999;0.955738000000000;3;1539.000000000000000;0.955738000000000;0
618;1622376900000;0.000620000000000;0.000620000000000;0.000620000000000;0.000620000000000;1054.000000000000000;1622377799999;0.653480000000000;4;0.000000000000000;0.000000000000000;0
619;1622377800000;0.000621000000000;0.000621000000000;0.000618000000000;0.000618000000000;1634.000000000000000;1622378699999;1.011453000000000;6;547.000000000000000;0.339687000000000;0
620;1622378700000;0.000620000000000;0.000623000000000;0.000618000000000;0.000618000000000;3402.000000000000000;1622379599999;2.111930000000000;10;3076.000000000000000;1.910136000000000;0
621;1622379600000;0.000621000000000;0.000621000000000;0.000616000000000;0.000617000000000;4334.000000000000000;1622380499999;2.674854000000000;14;921.000000000000000;0.570425000000000;0
622;1622380500000;0.000617000000000;0.000619000000000;0.000617000000000;0.000619000000000;479.000000000000000;1622381399999;0.295871000000000;2;479.000000000000000;0.295871000000000;0
623;1622381400000;0.000619000000000;0.000619000000000;0.000619000000000;0.000619000000000;2380.000000000000000;1622382299999;1.473220000000000;4;2380.000000000000000;1.473220000000000;0
624;1622382300000;0.000618000000000;0.000618000000000;0.000618000000000;0.000618000000000;996.000000000000000;1622383199999;0.615528000000000;3;0.000000000000000;0.000000000000000;0
625;1622383200000;0.000616000000000;0.000620000000000;0.000616000000000;0.000620000000000;1998.000000000000000;1622384099999;1.233522000000000;9;1650.000000000000000;1.019154000000000;0
626;1622384100000;0.000617000000000;0.000619000000000;0.000612000000000;0.000619000000000;10028.000000000000000;1622384999999;6.152528000000000;16;2714.000000000000000;1.674433000000000;0
627;1622385000000;0.000617000000000;0.000621000000000;0.000617000000000;0.000621000000000;3510.000000000000000;1622385899999;2.170866000000000;6;3302.000000000000000;2.042530000000000;0
628;1622385900000;0.000619000000000;0.000623000000000;0.000618000000000;0.000623000000000;2751.000000000000000;1622386799999;1.707203000000000;10;1658.000000000000000;1.030718000000000;0
629;1622386800000;0.000624000000000;0.000625000000000;0.000622000000000;0.000622000000000;2503.000000000000000;1622387699999;1.561716000000000;6;2376.000000000000000;1.482722000000000;0
630;1622387700000;0.000622000000000;0.000625000000000;0.000622000000000;0.000625000000000;3985.000000000000000;1622388599999;2.481625000000000;5;2920.000000000000000;1.819195000000000;0
631;1622388600000;0.000626000000000;0.000626000000000;0.000626000000000;0.000626000000000;1036.000000000000000;1622389499999;0.648536000000000;1;1036.000000000000000;0.648536000000000;0
632;1622389500000;0.000625000000000;0.000625000000000;0.000625000000000;0.000625000000000;2436.000000000000000;1622390399999;1.522500000000000;3;481.000000000000000;0.300625000000000;0
633;1622390400000;0.000624000000000;0.000625000000000;0.000623000000000;0.000623000000000;2205.000000000000000;1622391299999;1.375802000000000;3;803.000000000000000;0.501875000000000;0
634;1622391300000;0.000625000000000;0.000634000000000;0.000625000000000;0.000630000000000;13140.000000000000000;1622392199999;8.278076000000000;11;11848.000000000000000;7.468739000000000;0
635;1622392200000;0.000633000000000;0.000633000000000;0.000632000000000;0.000632000000000;1932.000000000000000;1622393099999;1.221932000000000;4;908.000000000000000;0.574764000000000;0
636;1622393100000;0.000634000000000;0.000634000000000;0.000629000000000;0.000629000000000;1530.000000000000000;1622393999999;0.965796000000000;6;250.000000000000000;0.158500000000000;0
637;1622394000000;0.000633000000000;0.000641000000000;0.000633000000000;0.000634000000000;11800.000000000000000;1622394899999;7.493463000000000;26;5139.000000000000000;3.270425000000000;0
638;1622394900000;0.000634000000000;0.000637000000000;0.000632000000000;0.000637000000000;5810.000000000000000;1622395799999;3.688459000000000;20;4334.000000000000000;2.753442000000000;0
639;1622395800000;0.000637000000000;0.000639000000000;0.000636000000000;0.000636000000000;5134.000000000000000;1622396699999;3.273829000000000;12;3417.000000000000000;2.180861000000000;0
640;1622396700000;0.000640000000000;0.000640000000000;0.000635000000000;0.000636000000000;5413.000000000000000;1622397599999;3.451014000000000;15;3024.000000000000000;1.931396000000000;0
641;1622397600000;0.000636000000000;0.000640000000000;0.000636000000000;0.000640000000000;4145.000000000000000;1622398499999;2.647650000000000;14;3103.000000000000000;1.984620000000000;0
642;1622398500000;0.000639000000000;0.000639000000000;0.000634000000000;0.000639000000000;8984.000000000000000;1622399399999;5.710198000000000;20;3244.000000000000000;2.069047000000000;0
643;1622399400000;0.000640000000000;0.000642000000000;0.000638000000000;0.000642000000000;4169.000000000000000;1622400299999;2.669741000000000;15;3350.000000000000000;2.146877000000000;0
644;1622400300000;0.000642000000000;0.000643000000000;0.000635000000000;0.000642000000000;8707.000000000000000;1622401199999;5.571001000000000;18;6245.000000000000000;4.001471000000000;0
645;1622401200000;0.000637000000000;0.000637000000000;0.000634000000000;0.000634000000000;5349.000000000000000;1622402099999;3.398604000000000;8;1768.000000000000000;1.124448000000000;0
646;1622402100000;0.000632000000000;0.000632000000000;0.000630000000000;0.000630000000000;2130.000000000000000;1622402999999;1.344030000000000;5;0.000000000000000;0.000000000000000;0
647;1622403000000;0.000629000000000;0.000629000000000;0.000627000000000;0.000627000000000;3304.000000000000000;1622403899999;2.074360000000000;7;0.000000000000000;0.000000000000000;0
648;1622403900000;0.000628000000000;0.000628000000000;0.000625000000000;0.000625000000000;1054.000000000000000;1622404799999;0.661017000000000;4;702.000000000000000;0.440856000000000;0
649;1622404800000;0.000624000000000;0.000627000000000;0.000619000000000;0.000619000000000;4054.000000000000000;1622405699999;2.522119000000000;14;96.000000000000000;0.060022000000000;0
650;1622405700000;0.000621000000000;0.000623000000000;0.000621000000000;0.000623000000000;1199.000000000000000;1622406599999;0.746271000000000;5;846.000000000000000;0.527058000000000;0
651;1622406600000;0.000623000000000;0.000625000000000;0.000623000000000;0.000625000000000;1550.000000000000000;1622407499999;0.967338000000000;6;1550.000000000000000;0.967338000000000;0
652;1622407500000;0.000627000000000;0.000632000000000;0.000627000000000;0.000632000000000;1998.000000000000000;1622408399999;1.257378000000000;6;1998.000000000000000;1.257378000000000;0
653;1622408400000;0.000629000000000;0.000629000000000;0.000626000000000;0.000626000000000;2275.000000000000000;1622409299999;1.428497000000000;7;0.000000000000000;0.000000000000000;0
654;1622409300000;0.000625000000000;0.000625000000000;0.000623000000000;0.000623000000000;1445.000000000000000;1622410199999;0.902327000000000;3;0.000000000000000;0.000000000000000;0
655;1622410200000;0.000625000000000;0.000625000000000;0.000625000000000;0.000625000000000;1946.000000000000000;1622411099999;1.216250000000000;4;0.000000000000000;0.000000000000000;0
656;1622411100000;0.000622000000000;0.000622000000000;0.000622000000000;0.000622000000000;1127.000000000000000;1622411999999;0.700994000000000;2;0.000000000000000;0.000000000000000;0
657;1622412000000;0.000621000000000;0.000621000000000;0.000617000000000;0.000617000000000;2274.000000000000000;1622412899999;1.408726000000000;10;0.000000000000000;0.000000000000000;0
658;1622412900000;0.000617000000000;0.000617000000000;0.000615000000000;0.000615000000000;2516.000000000000000;1622413799999;1.548947000000000;7;0.000000000000000;0.000000000000000;0
659;1622413800000;0.000614000000000;0.000615000000000;0.000613000000000;0.000615000000000;3033.000000000000000;1622414699999;1.864154000000000;11;2380.000000000000000;1.463700000000000;0
660;1622414700000;0.000612000000000;0.000612000000000;0.000611000000000;0.000612000000000;1972.000000000000000;1622415599999;1.206371000000000;8;0.000000000000000;0.000000000000000;0
661;1622415600000;0.000612000000000;0.000616000000000;0.000610000000000;0.000611000000000;12443.000000000000000;1622416499999;7.615685000000000;17;1617.000000000000000;0.992329000000000;0
662;1622416500000;0.000610000000000;0.000612000000000;0.000609000000000;0.000609000000000;1594.000000000000000;1622417399999;0.973046000000000;5;601.000000000000000;0.367812000000000;0
663;1622417400000;0.000610000000000;0.000613000000000;0.000608000000000;0.000611000000000;3209.000000000000000;1622418299999;1.960792000000000;10;1029.000000000000000;0.630445000000000;0
664;1622418300000;0.000614000000000;0.000614000000000;0.000614000000000;0.000614000000000;1590.000000000000000;1622419199999;0.976260000000000;4;1590.000000000000000;0.976260000000000;0
665;1622420100000;0.000618000000000;0.000618000000000;0.000616000000000;0.000617000000000;1516.000000000000000;1622420999999;0.935584000000000;5;0.000000000000000;0.000000000000000;0
666;1622421000000;0.000615000000000;0.000615000000000;0.000614000000000;0.000614000000000;10967.000000000000000;1622421899999;6.743611000000000;5;0.000000000000000;0.000000000000000;0
667;1622421900000;0.000616000000000;0.000617000000000;0.000616000000000;0.000617000000000;1629.000000000000000;1622422799999;1.004317000000000;5;1629.000000000000000;1.004317000000000;0
668;1622422800000;0.000618000000000;0.000618000000000;0.000612000000000;0.000612000000000;868.000000000000000;1622423699999;0.532786000000000;4;562.000000000000000;0.345184000000000;0
669;1622423700000;0.000612000000000;0.000615000000000;0.000611000000000;0.000615000000000;2166.000000000000000;1622424599999;1.325004000000000;7;747.000000000000000;0.457971000000000;0
670;1622424600000;0.000611000000000;0.000611000000000;0.000609000000000;0.000611000000000;3411.000000000000000;1622425499999;2.081361000000000;9;923.000000000000000;0.563953000000000;0
671;1622425500000;0.000611000000000;0.000611000000000;0.000608000000000;0.000608000000000;1197.000000000000000;1622426399999;0.730869000000000;2;0.000000000000000;0.000000000000000;0
672;1622426400000;0.000609000000000;0.000609000000000;0.000607000000000;0.000609000000000;1568.000000000000000;1622427299999;0.954686000000000;3;1455.000000000000000;0.886095000000000;0
673;1622427300000;0.000611000000000;0.000611000000000;0.000608000000000;0.000608000000000;3274.000000000000000;1622428199999;1.995480000000000;8;1746.000000000000000;1.065988000000000;0
674;1622428200000;0.000610000000000;0.000610000000000;0.000610000000000;0.000610000000000;214.000000000000000;1622429099999;0.130540000000000;1;214.000000000000000;0.130540000000000;0
675;1622429100000;0.000609000000000;0.000609000000000;0.000609000000000;0.000609000000000;1129.000000000000000;1622429999999;0.687561000000000;1;0.000000000000000;0.000000000000000;0
676;1622430000000;0.000610000000000;0.000610000000000;0.000606000000000;0.000606000000000;11659.000000000000000;1622430899999;7.108690000000000;8;10078.000000000000000;6.147580000000000;0
677;1622430900000;0.000609000000000;0.000609000000000;0.000607000000000;0.000607000000000;2150.000000000000000;1622431799999;1.307058000000000;3;1004.000000000000000;0.611436000000000;0
678;1622431800000;0.000610000000000;0.000611000000000;0.000608000000000;0.000608000000000;1158.000000000000000;1622432699999;0.706214000000000;4;992.000000000000000;0.605286000000000;0
679;1622432700000;0.000608000000000;0.000611000000000;0.000606000000000;0.000606000000000;1963.000000000000000;1622433599999;1.190717000000000;7;204.000000000000000;0.124553000000000;0
680;1622433600000;0.000610000000000;0.000610000000000;0.000606000000000;0.000606000000000;6182.000000000000000;1622434499999;3.752064000000000;10;871.000000000000000;0.531310000000000;0
681;1622434500000;0.000605000000000;0.000605000000000;0.000605000000000;0.000605000000000;972.000000000000000;1622435399999;0.588060000000000;6;0.000000000000000;0.000000000000000;0
682;1622435400000;0.000604000000000;0.000607000000000;0.000604000000000;0.000607000000000;1010.000000000000000;1622436299999;0.610975000000000;5;167.000000000000000;0.101369000000000;0
683;1622436300000;0.000608000000000;0.000609000000000;0.000606000000000;0.000609000000000;1899.000000000000000;1622437199999;1.154664000000000;7;1809.000000000000000;1.100039000000000;0
684;1622437200000;0.000610000000000;0.000611000000000;0.000607000000000;0.000607000000000;5471.000000000000000;1622438099999;3.334141000000000;11;1473.000000000000000;0.898583000000000;0
685;1622438100000;0.000611000000000;0.000611000000000;0.000611000000000;0.000611000000000;98.000000000000000;1622438999999;0.059878000000000;1;98.000000000000000;0.059878000000000;0
686;1622439000000;0.000611000000000;0.000613000000000;0.000611000000000;0.000613000000000;234.000000000000000;1622439899999;0.143306000000000;2;234.000000000000000;0.143306000000000;0
687;1622439900000;0.000611000000000;0.000611000000000;0.000610000000000;0.000610000000000;398.000000000000000;1622440799999;0.243012000000000;2;0.000000000000000;0.000000000000000;0
688;1622440800000;0.000610000000000;0.000610000000000;0.000610000000000;0.000610000000000;0.000000000000000;1622441699999;0.000000000000000;0;0.000000000000000;0.000000000000000;0
689;1622441700000;0.000610000000000;0.000610000000000;0.000610000000000;0.000610000000000;2573.000000000000000;1622442599999;1.569530000000000;2;0.000000000000000;0.000000000000000;0
690;1622442600000;0.000613000000000;0.000615000000000;0.000613000000000;0.000615000000000;1101.000000000000000;1622443499999;0.675117000000000;4;1101.000000000000000;0.675117000000000;0
691;1622443500000;0.000612000000000;0.000612000000000;0.000610000000000;0.000610000000000;1101.000000000000000;1622444399999;0.673480000000000;2;0.000000000000000;0.000000000000000;0
692;1622444400000;0.000608000000000;0.000608000000000;0.000605000000000;0.000605000000000;904.000000000000000;1622445299999;0.547968000000000;6;0.000000000000000;0.000000000000000;0
693;1622445300000;0.000607000000000;0.000609000000000;0.000605000000000;0.000609000000000;1027.000000000000000;1622446199999;0.623387000000000;6;859.000000000000000;0.521747000000000;0
694;1622446200000;0.000610000000000;0.000652000000000;0.000610000000000;0.000646000000000;51072.000000000000000;1622447099999;32.418607000000002;89;33220.000000000000000;21.078025000000000;0
695;1622447100000;0.000643000000000;0.000643000000000;0.000622000000000;0.000622000000000;116592.000000000000000;1622447999999;73.364908000000000;105;22789.000000000000000;14.315370000000000;0
696;1622448000000;0.000625000000000;0.000626000000000;0.000617000000000;0.000619000000000;5019.000000000000000;1622448899999;3.120117000000000;15;2244.000000000000000;1.398771000000000;0
697;1622448900000;0.000620000000000;0.000625000000000;0.000618000000000;0.000625000000000;14396.000000000000000;1622449799999;8.955926000000000;18;13104.000000000000000;8.156511999999999;0
698;1622449800000;0.000622000000000;0.000624000000000;0.000616000000000;0.000619000000000;4680.000000000000000;1622450699999;2.902895000000000;13;266.000000000000000;0.164960000000000;0
699;1622450700000;0.000618000000000;0.000622000000000;0.000618000000000;0.000622000000000;7747.000000000000000;1622451599999;4.791271000000000;3;947.000000000000000;0.588871000000000;0
700;1622451600000;0.000619000000000;0.000620000000000;0.000616000000000;0.000620000000000;1556.000000000000000;1622452499999;0.963095000000000;6;364.000000000000000;0.225680000000000;0
701;1622452500000;0.000616000000000;0.000617000000000;0.000616000000000;0.000617000000000;253.000000000000000;1622453399999;0.155942000000000;2;0.000000000000000;0.000000000000000;0
702;1622453400000;0.000616000000000;0.000622000000000;0.000614000000000;0.000622000000000;5908.000000000000000;1622454299999;3.640324000000000;12;2078.000000000000000;1.288014000000000;0
703;1622454300000;0.000623000000000;0.000623000000000;0.000614000000000;0.000614000000000;2856.000000000000000;1622455199999;1.762248000000000;8;97.000000000000000;0.060431000000000;0
704;1622455200000;0.000612000000000;0.000617000000000;0.000612000000000;0.000612000000000;3193.000000000000000;1622456099999;1.959087000000000;15;1039.000000000000000;0.640024000000000;0
705;1622456100000;0.000612000000000;0.000615000000000;0.000612000000000;0.000615000000000;1184.000000000000000;1622456999999;0.725303000000000;4;265.000000000000000;0.162875000000000;0
706;1622457000000;0.000615000000000;0.000619000000000;0.000615000000000;0.000619000000000;8900.000000000000000;1622457899999;5.482235000000000;6;8900.000000000000000;5.482235000000000;0
707;1622457900000;0.000621000000000;0.000621000000000;0.000606000000000;0.000606000000000;3377.000000000000000;1622458799999;2.060820000000000;25;382.000000000000000;0.234698000000000;0
708;1622458800000;0.000606000000000;0.000606000000000;0.000602000000000;0.000602000000000;4152.000000000000000;1622459699999;2.507388000000000;18;0.000000000000000;0.000000000000000;0
709;1622459700000;0.000601000000000;0.000609000000000;0.000601000000000;0.000609000000000;2796.000000000000000;1622460599999;1.690069000000000;12;2037.000000000000000;1.232494000000000;0
710;1622460600000;0.000606000000000;0.000615000000000;0.000606000000000;0.000615000000000;2722.000000000000000;1622461499999;1.657022000000000;10;2083.000000000000000;1.269456000000000;0
711;1622461500000;0.000612000000000;0.000619000000000;0.000611000000000;0.000617000000000;9496.000000000000000;1622462399999;5.815404000000000;12;939.000000000000000;0.579591000000000;0
712;1622462400000;0.000618000000000;0.000618000000000;0.000614000000000;0.000614000000000;412.000000000000000;1622463299999;0.253628000000000;4;0.000000000000000;0.000000000000000;0
713;1622463300000;0.000612000000000;0.000617000000000;0.000612000000000;0.000617000000000;7740.000000000000000;1622464199999;4.752504000000000;5;7482.000000000000000;4.594608000000000;0
714;1622464200000;0.000618000000000;0.000619000000000;0.000616000000000;0.000616000000000;2338.000000000000000;1622465099999;1.441378000000000;8;421.000000000000000;0.260506000000000;0
715;1622465100000;0.000614000000000;0.000617000000000;0.000614000000000;0.000617000000000;330.000000000000000;1622465999999;0.203115000000000;2;165.000000000000000;0.101805000000000;0
716;1622466000000;0.000614000000000;0.000614000000000;0.000610000000000;0.000613000000000;1158.000000000000000;1622466899999;0.708456000000000;7;166.000000000000000;0.101758000000000;0
717;1622466900000;0.000615000000000;0.000617000000000;0.000615000000000;0.000615000000000;449.000000000000000;1622467799999;0.276465000000000;3;330.000000000000000;0.203280000000000;0
718;1622467800000;0.000619000000000;0.000619000000000;0.000619000000000;0.000619000000000;164.000000000000000;1622468699999;0.101516000000000;1;164.000000000000000;0.101516000000000;0
719;1622468700000;0.000616000000000;0.000617000000000;0.000607000000000;0.000617000000000;75948.000000000000000;1622469599999;46.349426000000001;19;22270.000000000000000;13.654756000000001;0
720;1622469600000;0.000617000000000;0.000617000000000;0.000610000000000;0.000613000000000;661.000000000000000;1622470499999;0.404241000000000;6;195.000000000000000;0.119651000000000;0
721;1622470500000;0.000610000000000;0.000613000000000;0.000610000000000;0.000613000000000;361.000000000000000;1622471399999;0.220708000000000;4;195.000000000000000;0.119448000000000;0
722;1622471400000;0.000614000000000;0.000615000000000;0.000614000000000;0.000615000000000;190.000000000000000;1622472299999;0.116825000000000;2;190.000000000000000;0.116825000000000;0
723;1622472300000;0.000617000000000;0.000617000000000;0.000614000000000;0.000614000000000;271.000000000000000;1622473199999;0.166712000000000;2;106.000000000000000;0.065402000000000;0
724;1622473200000;0.000617000000000;0.000617000000000;0.000617000000000;0.000617000000000;138.000000000000000;1622474099999;0.085146000000000;2;138.000000000000000;0.085146000000000;0
725;1622474100000;0.000616000000000;0.000616000000000;0.000616000000000;0.000616000000000;25.000000000000000;1622474999999;0.015400000000000;1;25.000000000000000;0.015400000000000;0
726;1622475000000;0.000616000000000;0.000616000000000;0.000616000000000;0.000616000000000;24.000000000000000;1622475899999;0.014784000000000;1;24.000000000000000;0.014784000000000;0
727;1622475900000;0.000612000000000;0.000616000000000;0.000612000000000;0.000616000000000;583.000000000000000;1622476799999;0.358303000000000;3;418.000000000000000;0.257323000000000;0
728;1622476800000;0.000617000000000;0.000617000000000;0.000614000000000;0.000617000000000;357.000000000000000;1622477699999;0.219774000000000;3;192.000000000000000;0.118464000000000;0
729;1622477700000;0.000614000000000;0.000617000000000;0.000614000000000;0.000614000000000;10415.000000000000000;1622478599999;6.414953000000000;5;10085.000000000000000;6.212333000000000;0
730;1622478600000;0.000617000000000;0.000617000000000;0.000614000000000;0.000614000000000;957.000000000000000;1622479499999;0.589347000000000;3;165.000000000000000;0.101805000000000;0
731;1622479500000;0.000612000000000;0.000612000000000;0.000610000000000;0.000610000000000;763.000000000000000;1622480399999;0.465760000000000;6;0.000000000000000;0.000000000000000;0
732;1622480400000;0.000610000000000;0.000610000000000;0.000606000000000;0.000609000000000;1830.000000000000000;1622481299999;1.112155000000000;14;89.000000000000000;0.054201000000000;0
733;1622481300000;0.000605000000000;0.000605000000000;0.000605000000000;0.000605000000000;1904.000000000000000;1622482199999;1.151920000000000;3;0.000000000000000;0.000000000000000;0
734;1622482200000;0.000605000000000;0.000609000000000;0.000605000000000;0.000607000000000;514.000000000000000;1622483099999;0.311768000000000;3;78.000000000000000;0.047502000000000;0
735;1622483100000;0.000611000000000;0.000611000000000;0.000611000000000;0.000611000000000;166.000000000000000;1622483999999;0.101426000000000;1;166.000000000000000;0.101426000000000;0
736;1622484000000;0.000613000000000;0.000614000000000;0.000613000000000;0.000614000000000;477.000000000000000;1622484899999;0.292712000000000;2;166.000000000000000;0.101758000000000;0
737;1622484900000;0.000614000000000;0.000614000000000;0.000614000000000;0.000614000000000;0.000000000000000;1622485799999;0.000000000000000;0;0.000000000000000;0.000000000000000;0
738;1622485800000;0.000610000000000;0.000614000000000;0.000609000000000;0.000612000000000;10859.000000000000000;1622486699999;6.639355000000000;8;2116.000000000000000;1.299172000000000;0
739;1622486700000;0.000608000000000;0.000608000000000;0.000608000000000;0.000608000000000;480.000000000000000;1622487599999;0.291840000000000;2;0.000000000000000;0.000000000000000;0
740;1622487600000;0.000608000000000;0.000608000000000;0.000606000000000;0.000606000000000;1211.000000000000000;1622488499999;0.735400000000000;5;0.000000000000000;0.000000000000000;0
741;1622488500000;0.000605000000000;0.000606000000000;0.000605000000000;0.000606000000000;2119.000000000000000;1622489399999;1.283644000000000;6;0.000000000000000;0.000000000000000;0
742;1622489400000;0.000606000000000;0.000606000000000;0.000606000000000;0.000606000000000;874.000000000000000;1622490299999;0.529644000000000;1;0.000000000000000;0.000000000000000;0
743;1622490300000;0.000605000000000;0.000605000000000;0.000605000000000;0.000605000000000;28.000000000000000;1622491199999;0.016940000000000;1;0.000000000000000;0.000000000000000;0
744;1622491200000;0.000605000000000;0.000605000000000;0.000605000000000;0.000605000000000;0.000000000000000;1622492099999;0.000000000000000;0;0.000000000000000;0.000000000000000;0
745;1622492100000;0.000604000000000;0.000605000000000;0.000604000000000;0.000605000000000;332.000000000000000;1622492999999;0.200693000000000;3;105.000000000000000;0.063525000000000;0
746;1622493000000;0.000605000000000;0.000605000000000;0.000603000000000;0.000603000000000;5159.000000000000000;1622493899999;3.111047000000000;6;0.000000000000000;0.000000000000000;0
747;1622493900000;0.000602000000000;0.000602000000000;0.000602000000000;0.000602000000000;556.000000000000000;1622494799999;0.334712000000000;6;0.000000000000000;0.000000000000000;0
748;1622494800000;0.000605000000000;0.000606000000000;0.000605000000000;0.000606000000000;1126.000000000000000;1622495699999;0.681838000000000;3;1126.000000000000000;0.681838000000000;0
749;1622495700000;0.000606000000000;0.000606000000000;0.000606000000000;0.000606000000000;0.000000000000000;1622496599999;0.000000000000000;0;0.000000000000000;0.000000000000000;0
750;1622496600000;0.000603000000000;0.000603000000000;0.000603000000000;0.000603000000000;117.000000000000000;1622497499999;0.070551000000000;1;0.000000000000000;0.000000000000000;0
751;1622497500000;0.000603000000000;0.000607000000000;0.000602000000000;0.000607000000000;2080.000000000000000;1622498399999;1.255331000000000;8;483.000000000000000;0.292697000000000;0
752;1622498400000;0.000608000000000;0.000615000000000;0.000608000000000;0.000615000000000;12236.000000000000000;1622499299999;7.478426000000000;8;12236.000000000000000;7.478426000000000;0
753;1622499300000;0.000615000000000;0.000615000000000;0.000615000000000;0.000615000000000;0.000000000000000;1622500199999;0.000000000000000;0;0.000000000000000;0.000000000000000;0
754;1622500200000;0.000613000000000;0.000613000000000;0.000612000000000;0.000612000000000;5499.000000000000000;1622501099999;3.370231000000000;4;0.000000000000000;0.000000000000000;0
755;1622501100000;0.000610000000000;0.000613000000000;0.000608000000000;0.000613000000000;366.000000000000000;1622501999999;0.223690000000000;3;166.000000000000000;0.101758000000000;0
756;1622502000000;0.000615000000000;0.000617000000000;0.000613000000000;0.000617000000000;5947.000000000000000;1622502899999;3.646501000000000;3;330.000000000000000;0.203280000000000;0
757;1622502900000;0.000619000000000;0.000619000000000;0.000616000000000;0.000616000000000;608.000000000000000;1622503799999;0.375860000000000;3;444.000000000000000;0.274836000000000;0
758;1622503800000;0.000619000000000;0.000621000000000;0.000619000000000;0.000621000000000;247.000000000000000;1622504699999;0.153059000000000;2;247.000000000000000;0.153059000000000;0
759;1622504700000;0.000621000000000;0.000631000000000;0.000621000000000;0.000631000000000;2801.000000000000000;1622505599999;1.756568000000000;19;2508.000000000000000;1.574322000000000;0
760;1622506500000;0.000624000000000;0.000624000000000;0.000620000000000;0.000620000000000;1262.000000000000000;1622507399999;0.786512000000000;5;775.000000000000000;0.483600000000000;0
761;1622507400000;0.000619000000000;0.000643000000000;0.000614000000000;0.000623000000000;13114.000000000000000;1622508299999;8.263849000000000;59;10164.000000000000000;6.435899000000000;0
762;1622508300000;0.000627000000000;0.000631000000000;0.000623000000000;0.000628000000000;2914.000000000000000;1622509199999;1.825974000000000;18;1337.000000000000000;0.840620000000000;0
763;1622509200000;0.000631000000000;0.000645000000000;0.000631000000000;0.000635000000000;12967.000000000000000;1622510099999;8.243387000000000;27;3049.000000000000000;1.948149000000000;0
764;1622510100000;0.000632000000000;0.000644000000000;0.000632000000000;0.000642000000000;6970.000000000000000;1622510999999;4.465018000000000;20;5929.000000000000000;3.802227000000000;0
765;1622511000000;0.000644000000000;0.000644000000000;0.000633000000000;0.000639000000000;13127.000000000000000;1622511899999;8.349880000000001;18;3137.000000000000000;2.005081000000000;0
766;1622511900000;0.000639000000000;0.000639000000000;0.000633000000000;0.000638000000000;5285.000000000000000;1622512799999;3.360761000000000;16;3142.000000000000000;2.003594000000000;0
767;1622512800000;0.000640000000000;0.000644000000000;0.000637000000000;0.000642000000000;14369.000000000000000;1622513699999;9.177341999999999;15;4073.000000000000000;2.608653000000000;0
768;1622513700000;0.000642000000000;0.000642000000000;0.000637000000000;0.000639000000000;2841.000000000000000;1622514599999;1.816422000000000;7;2682.000000000000000;1.715139000000000;0
769;1622514600000;0.000639000000000;0.000639000000000;0.000632000000000;0.000636000000000;4197.000000000000000;1622515499999;2.665660000000000;14;3182.000000000000000;2.023751000000000;0
770;1622515500000;0.000637000000000;0.000642000000000;0.000634000000000;0.000642000000000;3575.000000000000000;1622516399999;2.278950000000000;16;3176.000000000000000;2.025426000000000;0
771;1622516400000;0.000637000000000;0.000642000000000;0.000637000000000;0.000637000000000;3242.000000000000000;1622517299999;2.073866000000000;15;2506.000000000000000;1.605034000000000;0
772;1622517300000;0.000643000000000;0.000644000000000;0.000634000000000;0.000634000000000;4657.000000000000000;1622518199999;2.978708000000000;28;3170.000000000000000;2.031021000000000;0
773;1622518200000;0.000637000000000;0.000641000000000;0.000630000000000;0.000630000000000;1884.000000000000000;1622519099999;1.198316000000000;13;1057.000000000000000;0.674511000000000;0
774;1622519100000;0.000629000000000;0.000630000000000;0.000628000000000;0.000630000000000;1858.000000000000000;1622519999999;1.169447000000000;4;0.000000000000000;0.000000000000000;0
775;1622520000000;0.000630000000000;0.000630000000000;0.000625000000000;0.000627000000000;11818.000000000000000;1622520899999;7.441567000000000;5;727.000000000000000;0.455829000000000;0
776;1622520900000;0.000628000000000;0.000629000000000;0.000628000000000;0.000629000000000;5317.000000000000000;1622521799999;3.339237000000000;4;5317.000000000000000;3.339237000000000;0
777;1622521800000;0.000631000000000;0.000634000000000;0.000628000000000;0.000628000000000;1429.000000000000000;1622522699999;0.903517000000000;6;1108.000000000000000;0.701609000000000;0
778;1622522700000;0.000631000000000;0.000631000000000;0.000628000000000;0.000628000000000;433.000000000000000;1622523599999;0.272407000000000;3;161.000000000000000;0.101591000000000;0
779;1622523600000;0.000626000000000;0.000629000000000;0.000626000000000;0.000629000000000;322.000000000000000;1622524499999;0.202055000000000;2;161.000000000000000;0.101269000000000;0
780;1622524500000;0.000626000000000;0.000626000000000;0.000626000000000;0.000626000000000;161.000000000000000;1622525399999;0.100786000000000;1;0.000000000000000;0.000000000000000;0
781;1622525400000;0.000624000000000;0.000629000000000;0.000624000000000;0.000627000000000;1183.000000000000000;1622526299999;0.741028000000000;8;616.000000000000000;0.386816000000000;0
782;1622526300000;0.000629000000000;0.000633000000000;0.000628000000000;0.000628000000000;9383.000000000000000;1622527199999;5.899811000000000;14;1149.000000000000000;0.725181000000000;0
783;1622527200000;0.000627000000000;0.000631000000000;0.000623000000000;0.000631000000000;1661.000000000000000;1622528099999;1.042501000000000;11;1049.000000000000000;0.659940000000000;0
784;1622528100000;0.000633000000000;0.000633000000000;0.000626000000000;0.000628000000000;3057.000000000000000;1622528999999;1.923824000000000;11;2575.000000000000000;1.621130000000000;0
785;1622529000000;0.000624000000000;0.000628000000000;0.000624000000000;0.000628000000000;1330.000000000000000;1622529899999;0.833402000000000;6;911.000000000000000;0.571946000000000;0
786;1622529900000;0.000628000000000;0.000629000000000;0.000628000000000;0.000629000000000;1922.000000000000000;1622530799999;1.207480000000000;6;464.000000000000000;0.291856000000000;0
787;1622530800000;0.000630000000000;0.000631000000000;0.000630000000000;0.000631000000000;3021.000000000000000;1622531699999;1.903391000000000;3;3021.000000000000000;1.903391000000000;0
788;1622531700000;0.000628000000000;0.000628000000000;0.000628000000000;0.000628000000000;1457.000000000000000;1622532599999;0.914996000000000;2;0.000000000000000;0.000000000000000;0
789;1622532600000;0.000628000000000;0.000631000000000;0.000628000000000;0.000631000000000;829.000000000000000;1622533499999;0.521953000000000;3;829.000000000000000;0.521953000000000;0
790;1622533500000;0.000632000000000;0.000636000000000;0.000632000000000;0.000636000000000;1985.000000000000000;1622534399999;1.256909000000000;11;1829.000000000000000;1.158017000000000;0
791;1622534400000;0.000632000000000;0.000632000000000;0.000617000000000;0.000620000000000;14576.000000000000000;1622535299999;9.130034999999999;36;2261.000000000000000;1.415691000000000;0
792;1622535300000;0.000617000000000;0.000618000000000;0.000614000000000;0.000616000000000;5808.000000000000000;1622536199999;3.581056000000000;14;1823.000000000000000;1.124798000000000;0
793;1622536200000;0.000616000000000;0.000618000000000;0.000614000000000;0.000618000000000;3137.000000000000000;1622537099999;1.936577000000000;7;2885.000000000000000;1.781849000000000;0
794;1622537100000;0.000618000000000;0.000618000000000;0.000614000000000;0.000618000000000;5613.000000000000000;1622537999999;3.459534000000000;14;3621.000000000000000;2.233122000000000;0
795;1622538000000;0.000614000000000;0.000620000000000;0.000612000000000;0.000614000000000;4823.000000000000000;1622538899999;2.966532000000000;21;2951.000000000000000;1.819222000000000;0
796;1622538900000;0.000617000000000;0.000620000000000;0.000609000000000;0.000610000000000;14741.000000000000000;1622539799999;9.044969000000000;37;2794.000000000000000;1.722787000000000;0
797;1622539800000;0.000610000000000;0.000616000000000;0.000609000000000;0.000616000000000;4588.000000000000000;1622540699999;2.811236000000000;25;3212.000000000000000;1.971598000000000;0
798;1622540700000;0.000612000000000;0.000616000000000;0.000610000000000;0.000612000000000;3999.000000000000000;1622541599999;2.453806000000000;21;2531.000000000000000;1.556676000000000;0
799;1622541600000;0.000615000000000;0.000620000000000;0.000610000000000;0.000616000000000;4010.000000000000000;1622542499999;2.470010000000000;25;2721.000000000000000;1.679609000000000;0
800;1622542500000;0.000619000000000;0.000623000000000;0.000616000000000;0.000621000000000;3312.000000000000000;1622543399999;2.052301000000000;17;2658.000000000000000;1.648459000000000;0
801;1622543400000;0.000621000000000;0.000623000000000;0.000615000000000;0.000621000000000;3943.000000000000000;1622544299999;2.441959000000000;20;2707.000000000000000;1.679860000000000;0
802;1622544300000;0.000616000000000;0.000623000000000;0.000615000000000;0.000623000000000;8757.000000000000000;1622545199999;5.417297000000000;23;2722.000000000000000;1.693043000000000;0
803;1622545200000;0.000618000000000;0.000623000000000;0.000616000000000;0.000619000000000;3585.000000000000000;1622546099999;2.220892000000000;18;2441.000000000000000;1.514884000000000;0
804;1622546100000;0.000619000000000;0.000627000000000;0.000616000000000;0.000618000000000;20237.000000000000000;1622546999999;12.566770999999999;17;19259.000000000000000;11.962047000000000;0
805;1622547000000;0.000616000000000;0.000616000000000;0.000614000000000;0.000614000000000;166.000000000000000;1622547899999;0.101926000000000;2;0.000000000000000;0.000000000000000;0
806;1622547900000;0.000617000000000;0.000618000000000;0.000611000000000;0.000611000000000;8903.000000000000000;1622548799999;5.464098000000000;17;4707.000000000000000;2.897815000000000;0
807;1622548800000;0.000614000000000;0.000614000000000;0.000610000000000;0.000610000000000;1121.000000000000000;1622549699999;0.685690000000000;6;470.000000000000000;0.288580000000000;0
808;1622549700000;0.000613000000000;0.000613000000000;0.000610000000000;0.000610000000000;392.000000000000000;1622550599999;0.239798000000000;3;226.000000000000000;0.138538000000000;0
809;1622550600000;0.000608000000000;0.000608000000000;0.000608000000000;0.000608000000000;266.000000000000000;1622551499999;0.161728000000000;2;0.000000000000000;0.000000000000000;0
810;1622551500000;0.000607000000000;0.000607000000000;0.000607000000000;0.000607000000000;634.000000000000000;1622552399999;0.384838000000000;6;0.000000000000000;0.000000000000000;0
811;1622552400000;0.000606000000000;0.000606000000000;0.000604000000000;0.000604000000000;1963.000000000000000;1622553299999;1.187467000000000;13;0.000000000000000;0.000000000000000;0
812;1622553300000;0.000605000000000;0.000611000000000;0.000605000000000;0.000611000000000;4888.000000000000000;1622554199999;2.979359000000000;11;4072.000000000000000;2.483750000000000;0
813;1622554200000;0.000613000000000;0.000627000000000;0.000613000000000;0.000622000000000;23572.000000000000000;1622555099999;14.678659000000000;30;5932.000000000000000;3.695615000000000;0
814;1622555100000;0.000625000000000;0.000625000000000;0.000620000000000;0.000620000000000;1623.000000000000000;1622555999999;1.010599000000000;7;1297.000000000000000;0.808479000000000;0
815;1622556000000;0.000618000000000;0.000618000000000;0.000616000000000;0.000616000000000;529.000000000000000;1622556899999;0.326594000000000;3;0.000000000000000;0.000000000000000;0
816;1622556900000;0.000619000000000;0.000619000000000;0.000614000000000;0.000614000000000;1458.000000000000000;1622557799999;0.896453000000000;5;164.000000000000000;0.101516000000000;0
817;1622557800000;0.000617000000000;0.000617000000000;0.000617000000000;0.000617000000000;448.000000000000000;1622558699999;0.276416000000000;2;448.000000000000000;0.276416000000000;0
818;1622558700000;0.000619000000000;0.000619000000000;0.000614000000000;0.000614000000000;4021.000000000000000;1622559599999;2.480632000000000;13;3527.000000000000000;2.176988000000000;0
819;1622559600000;0.000616000000000;0.000616000000000;0.000610000000000;0.000612000000000;4068.000000000000000;1622560499999;2.496891000000000;12;3182.000000000000000;1.955546000000000;0
820;1622560500000;0.000612000000000;0.000614000000000;0.000609000000000;0.000614000000000;1945.000000000000000;1622561399999;1.191408000000000;6;1841.000000000000000;1.128072000000000;0
821;1622561400000;0.000610000000000;0.000613000000000;0.000606000000000;0.000613000000000;5490.000000000000000;1622562299999;3.342308000000000;15;2893.000000000000000;1.767369000000000;0
822;1622562300000;0.000610000000000;0.000617000000000;0.000610000000000;0.000613000000000;3792.000000000000000;1622563199999;2.324307000000000;25;2467.000000000000000;1.515067000000000;0
823;1622563200000;0.000614000000000;0.000617000000000;0.000608000000000;0.000610000000000;2961.000000000000000;1622564099999;1.814841000000000;17;1967.000000000000000;1.208173000000000;0
824;1622564100000;0.000608000000000;0.000608000000000;0.000606000000000;0.000606000000000;3172.000000000000000;1622564999999;1.923622000000000;12;0.000000000000000;0.000000000000000;0
825;1622565000000;0.000606000000000;0.000606000000000;0.000604000000000;0.000604000000000;2718.000000000000000;1622565899999;1.646087000000000;8;0.000000000000000;0.000000000000000;0
826;1622565900000;0.000604000000000;0.000607000000000;0.000603000000000;0.000603000000000;5262.000000000000000;1622566799999;3.178052000000000;17;167.000000000000000;0.101369000000000;0
827;1622566800000;0.000603000000000;0.000605000000000;0.000601000000000;0.000605000000000;5104.000000000000000;1622567699999;3.075229000000000;16;168.000000000000000;0.101640000000000;0
828;1622567700000;0.000602000000000;0.000605000000000;0.000601000000000;0.000605000000000;3020.000000000000000;1622568599999;1.819125000000000;9;663.000000000000000;0.400125000000000;0
829;1622568600000;0.000604000000000;0.000609000000000;0.000603000000000;0.000605000000000;1741.000000000000000;1622569499999;1.053729000000000;7;334.000000000000000;0.203072000000000;0
830;1622569500000;0.000609000000000;0.000609000000000;0.000605000000000;0.000605000000000;491.000000000000000;1622570399999;0.297155000000000;2;25.000000000000000;0.015225000000000;0
831;1622570400000;0.000606000000000;0.000606000000000;0.000605000000000;0.000605000000000;464.000000000000000;1622571299999;0.280917000000000;2;0.000000000000000;0.000000000000000;0
832;1622571300000;0.000604000000000;0.000604000000000;0.000603000000000;0.000603000000000;2683.000000000000000;1622572199999;1.618016000000000;2;2516.000000000000000;1.517148000000000;0
833;1622572200000;0.000607000000000;0.000607000000000;0.000605000000000;0.000605000000000;415.000000000000000;1622573099999;0.251409000000000;2;167.000000000000000;0.101369000000000;0
834;1622573100000;0.000609000000000;0.000610000000000;0.000609000000000;0.000610000000000;228.000000000000000;1622573999999;0.138938000000000;2;228.000000000000000;0.138938000000000;0
835;1622574000000;0.000606000000000;0.000606000000000;0.000603000000000;0.000603000000000;27854.000000000000000;1622574899999;16.802997999999999;12;1556.000000000000000;0.938268000000000;0
836;1622574900000;0.000602000000000;0.000605000000000;0.000601000000000;0.000605000000000;1146.000000000000000;1622575799999;0.691096000000000;7;718.000000000000000;0.433700000000000;0
837;1622575800000;0.000601000000000;0.000601000000000;0.000598000000000;0.000598000000000;3530.000000000000000;1622576699999;2.117830000000000;7;0.000000000000000;0.000000000000000;0
838;1622576700000;0.000602000000000;0.000602000000000;0.000597000000000;0.000597000000000;995.000000000000000;1622577599999;0.596712000000000;7;472.000000000000000;0.284144000000000;0
839;1622577600000;0.000601000000000;0.000602000000000;0.000597000000000;0.000601000000000;1946.000000000000000;1622578499999;1.165770000000000;5;900.000000000000000;0.541139000000000;0
840;1622578500000;0.000601000000000;0.000601000000000;0.000601000000000;0.000601000000000;0.000000000000000;1622579399999;0.000000000000000;0;0.000000000000000;0.000000000000000;0
841;1622579400000;0.000597000000000;0.000601000000000;0.000597000000000;0.000601000000000;1833.000000000000000;1622580299999;1.096145000000000;5;461.000000000000000;0.277061000000000;0
842;1622580300000;0.000602000000000;0.000611000000000;0.000602000000000;0.000611000000000;14503.000000000000000;1622581199999;8.738623000000000;13;11026.000000000000000;6.645135000000000;0
843;1622581200000;0.000611000000000;0.000611000000000;0.000602000000000;0.000602000000000;2754.000000000000000;1622582099999;1.671224000000000;10;577.000000000000000;0.352547000000000;0
844;1622582100000;0.000604000000000;0.000604000000000;0.000597000000000;0.000598000000000;2173.000000000000000;1622582999999;1.303881000000000;15;1070.000000000000000;0.644425000000000;0
845;1622583000000;0.000596000000000;0.000597000000000;0.000594000000000;0.000597000000000;1058.000000000000000;1622583899999;0.629527000000000;8;170.000000000000000;0.101490000000000;0
846;1622583900000;0.000597000000000;0.000597000000000;0.000597000000000;0.000597000000000;0.000000000000000;1622584799999;0.000000000000000;0;0.000000000000000;0.000000000000000;0
847;1622584800000;0.000597000000000;0.000597000000000;0.000597000000000;0.000597000000000;0.000000000000000;1622585699999;0.000000000000000;0;0.000000000000000;0.000000000000000;0
848;1622585700000;0.000594000000000;0.000594000000000;0.000591000000000;0.000591000000000;2947.000000000000000;1622586599999;1.745271000000000;20;0.000000000000000;0.000000000000000;0
849;1622586600000;0.000591000000000;0.000591000000000;0.000591000000000;0.000591000000000;0.000000000000000;1622587499999;0.000000000000000;0;0.000000000000000;0.000000000000000;0
850;1622587500000;0.000590000000000;0.000596000000000;0.000590000000000;0.000596000000000;5173.000000000000000;1622588399999;3.054626000000000;12;3622.000000000000000;2.139536000000000;0
851;1622588400000;0.000592000000000;0.000592000000000;0.000591000000000;0.000591000000000;445.000000000000000;1622589299999;0.263351000000000;4;0.000000000000000;0.000000000000000;0
852;1622589300000;0.000590000000000;0.000590000000000;0.000587000000000;0.000587000000000;1665.000000000000000;1622590199999;0.979049000000000;13;253.000000000000000;0.148764000000000;0
853;1622590200000;0.000586000000000;0.000589000000000;0.000585000000000;0.000585000000000;2230.000000000000000;1622591099999;1.305902000000000;10;172.000000000000000;0.101308000000000;0
854;1622591100000;0.000585000000000;0.000585000000000;0.000585000000000;0.000585000000000;0.000000000000000;1622591999999;0.000000000000000;0;0.000000000000000;0.000000000000000;0
855;1622592900000;0.000582000000000;0.000582000000000;0.000582000000000;0.000582000000000;0.000000000000000;1622593799999;0.000000000000000;0;0.000000000000000;0.000000000000000;0
856;1622593800000;0.000581000000000;0.000586000000000;0.000581000000000;0.000586000000000;1680.000000000000000;1622594699999;0.980366000000000;3;892.000000000000000;0.522538000000000;0
857;1622594700000;0.000586000000000;0.000586000000000;0.000586000000000;0.000586000000000;0.000000000000000;1622595599999;0.000000000000000;0;0.000000000000000;0.000000000000000;0
858;1622595600000;0.000583000000000;0.000583000000000;0.000579000000000;0.000579000000000;1524.000000000000000;1622596499999;0.885954000000000;14;0.000000000000000;0.000000000000000;0
859;1622596500000;0.000581000000000;0.000584000000000;0.000581000000000;0.000584000000000;5379.000000000000000;1622597399999;3.126162000000000;3;379.000000000000000;0.221162000000000;0
860;1622597400000;0.000584000000000;0.000584000000000;0.000584000000000;0.000584000000000;255.000000000000000;1622598299999;0.148920000000000;2;255.000000000000000;0.148920000000000;0
861;1622598300000;0.000585000000000;0.000587000000000;0.000585000000000;0.000587000000000;3390.000000000000000;1622599199999;1.983496000000000;3;3390.000000000000000;1.983496000000000;0
862;1622599200000;0.000589000000000;0.000589000000000;0.000589000000000;0.000589000000000;172.000000000000000;1622600099999;0.101308000000000;2;172.000000000000000;0.101308000000000;0
863;1622600100000;0.000586000000000;0.000586000000000;0.000586000000000;0.000586000000000;172.000000000000000;1622600999999;0.100792000000000;2;0.000000000000000;0.000000000000000;0
864;1622601000000;0.000584000000000;0.000584000000000;0.000583000000000;0.000583000000000;6627.000000000000000;1622601899999;3.869224000000000;5;0.000000000000000;0.000000000000000;0
865;1622601900000;0.000583000000000;0.000584000000000;0.000583000000000;0.000583000000000;2355.000000000000000;1622602799999;1.373436000000000;5;0.000000000000000;0.000000000000000;0
866;1622602800000;0.000584000000000;0.000587000000000;0.000582000000000;0.000585000000000;6268.000000000000000;1622603699999;3.657393000000000;12;520.000000000000000;0.304892000000000;0
867;1622603700000;0.000585000000000;0.000589000000000;0.000584000000000;0.000585000000000;2545.000000000000000;1622604599999;1.488363000000000;9;205.000000000000000;0.120399000000000;0
868;1622604600000;0.000585000000000;0.000585000000000;0.000585000000000;0.000585000000000;468.000000000000000;1622605499999;0.273780000000000;1;0.000000000000000;0.000000000000000;0
869;1622605500000;0.000589000000000;0.000589000000000;0.000589000000000;0.000589000000000;25.000000000000000;1622606399999;0.014725000000000;1;25.000000000000000;0.014725000000000;0
870;1622606400000;0.000585000000000;0.000585000000000;0.000584000000000;0.000584000000000;270.000000000000000;1622607299999;0.157901000000000;2;0.000000000000000;0.000000000000000;0
871;1622607300000;0.000584000000000;0.000587000000000;0.000584000000000;0.000587000000000;11108.000000000000000;1622608199999;6.488047000000000;5;10984.000000000000000;6.415631000000000;0
872;1622608200000;0.000587000000000;0.000587000000000;0.000587000000000;0.000587000000000;0.000000000000000;1622609099999;0.000000000000000;0;0.000000000000000;0.000000000000000;0
873;1622609100000;0.000589000000000;0.000589000000000;0.000586000000000;0.000586000000000;681.000000000000000;1622609999999;0.399540000000000;4;380.000000000000000;0.223025000000000;0
874;1622610000000;0.000588000000000;0.000588000000000;0.000588000000000;0.000588000000000;30.000000000000000;1622610899999;0.017640000000000;1;30.000000000000000;0.017640000000000;0
875;1622610900000;0.000589000000000;0.000593000000000;0.000587000000000;0.000591000000000;11196.000000000000000;1622611799999;6.606313000000000;6;10628.000000000000000;6.271033000000000;0
876;1622611800000;0.000595000000000;0.000595000000000;0.000591000000000;0.000591000000000;1216.000000000000000;1622612699999;0.720054000000000;5;191.000000000000000;0.113645000000000;0
877;1622612700000;0.000591000000000;0.000598000000000;0.000591000000000;0.000598000000000;3494.000000000000000;1622613599999;2.084555000000000;5;3031.000000000000000;1.810922000000000;0
878;1622613600000;0.000594000000000;0.000597000000000;0.000593000000000;0.000593000000000;7147.000000000000000;1622614499999;4.239480000000000;5;170.000000000000000;0.101490000000000;0
879;1622614500000;0.000593000000000;0.000597000000000;0.000593000000000;0.000596000000000;1178.000000000000000;1622615399999;0.701506000000000;4;270.000000000000000;0.160790000000000;0
880;1622615400000;0.000595000000000;0.000599000000000;0.000595000000000;0.000597000000000;1656.000000000000000;1622616299999;0.986908000000000;3;169.000000000000000;0.101231000000000;0
881;1622616300000;0.000596000000000;0.000596000000000;0.000595000000000;0.000595000000000;625.000000000000000;1622617199999;0.372044000000000;2;0.000000000000000;0.000000000000000;0
882;1622617200000;0.000594000000000;0.000595000000000;0.000590000000000;0.000591000000000;4031.000000000000000;1622618099999;2.387581000000000;15;342.000000000000000;0.203148000000000;0
883;1622618100000;0.000590000000000;0.000593000000000;0.000587000000000;0.000593000000000;14113.000000000000000;1622618999999;8.349073000000001;21;11348.000000000000000;6.718357000000000;0
884;1622619000000;0.000595000000000;0.000595000000000;0.000588000000000;0.000588000000000;5324.000000000000000;1622619899999;3.142397000000000;14;343.000000000000000;0.203397000000000;0
885;1622619900000;0.000587000000000;0.000591000000000;0.000585000000000;0.000585000000000;2028.000000000000000;1622620799999;1.191953000000000;13;172.000000000000000;0.101652000000000;0
886;1622620800000;0.000584000000000;0.000584000000000;0.000580000000000;0.000584000000000;2777.000000000000000;1622621699999;1.615169000000000;19;581.000000000000000;0.339130000000000;0
887;1622621700000;0.000580000000000;0.000580000000000;0.000579000000000;0.000579000000000;4498.000000000000000;1622622599999;2.607295000000000;5;0.000000000000000;0.000000000000000;0
888;1622622600000;0.000578000000000;0.000578000000000;0.000573000000000;0.000573000000000;2321.000000000000000;1622623499999;1.336134000000000;19;0.000000000000000;0.000000000000000;0
889;1622623500000;0.000573000000000;0.000573000000000;0.000570000000000;0.000573000000000;2400.000000000000000;1622624399999;1.370744000000000;11;177.000000000000000;0.101421000000000;0
890;1622624400000;0.000570000000000;0.000586000000000;0.000570000000000;0.000582000000000;20413.000000000000000;1622625299999;11.715729000000000;17;12246.000000000000000;7.021466000000000;0
891;1622625300000;0.000585000000000;0.000607000000000;0.000585000000000;0.000605000000000;31863.000000000000000;1622626199999;19.055143000000001;56;24978.000000000000000;14.950604999999999;0
892;1622626200000;0.000602000000000;0.000604000000000;0.000591000000000;0.000592000000000;21958.000000000000000;1622627099999;13.181774000000001;31;5024.000000000000000;3.027636000000000;0
893;1622627100000;0.000592000000000;0.000592000000000;0.000586000000000;0.000586000000000;976.000000000000000;1622627999999;0.574725000000000;7;0.000000000000000;0.000000000000000;0
894;1622628000000;0.000589000000000;0.000598000000000;0.000589000000000;0.000598000000000;1205.000000000000000;1622628899999;0.715525000000000;8;1119.000000000000000;0.664097000000000;0
895;1622628900000;0.000598000000000;0.000601000000000;0.000592000000000;0.000595000000000;4296.000000000000000;1622629799999;2.572865000000000;10;3381.000000000000000;2.027745000000000;0
896;1622629800000;0.000597000000000;0.000599000000000;0.000594000000000;0.000594000000000;473.000000000000000;1622630699999;0.281587000000000;4;193.000000000000000;0.115267000000000;0
897;1622630700000;0.000597000000000;0.000599000000000;0.000594000000000;0.000599000000000;656.000000000000000;1622631599999;0.391414000000000;4;486.000000000000000;0.290434000000000;0
898;1622631600000;0.000601000000000;0.000605000000000;0.000592000000000;0.000594000000000;8332.000000000000000;1622632499999;4.987242000000000;21;6507.000000000000000;3.895358000000000;0
899;1622632500000;0.000596000000000;0.000596000000000;0.000590000000000;0.000592000000000;10514.000000000000000;1622633399999;6.220605000000000;11;1439.000000000000000;0.856672000000000;0
900;1622633400000;0.000590000000000;0.000590000000000;0.000585000000000;0.000585000000000;772.000000000000000;1622634299999;0.453622000000000;6;0.000000000000000;0.000000000000000;0
901;1622634300000;0.000589000000000;0.000591000000000;0.000586000000000;0.000586000000000;1189.000000000000000;1622635199999;0.700830000000000;4;1037.000000000000000;0.611758000000000;0
902;1622635200000;0.000586000000000;0.000586000000000;0.000577000000000;0.000582000000000;8623.000000000000000;1622636099999;5.023176000000000;34;2300.000000000000000;1.345766000000000;0
903;1622636100000;0.000584000000000;0.000584000000000;0.000580000000000;0.000580000000000;490.000000000000000;1622636999999;0.284592000000000;3;316.000000000000000;0.183672000000000;0
904;1622637000000;0.000583000000000;0.000584000000000;0.000578000000000;0.000578000000000;1746.000000000000000;1622637899999;1.012368000000000;8;501.000000000000000;0.292410000000000;0
905;1622637900000;0.000581000000000;0.000581000000000;0.000569000000000;0.000570000000000;21618.000000000000000;1622638799999;12.342682000000000;42;395.000000000000000;0.227075000000000;0
906;1622638800000;0.000572000000000;0.000575000000000;0.000570000000000;0.000570000000000;541.000000000000000;1622639699999;0.309407000000000;4;385.000000000000000;0.220487000000000;0
907;1622639700000;0.000570000000000;0.000570000000000;0.000561000000000;0.000561000000000;4395.000000000000000;1622640599999;2.483921000000000;30;372.000000000000000;0.210138000000000;0
908;1622640600000;0.000561000000000;0.000566000000000;0.000553000000000;0.000566000000000;6734.000000000000000;1622641499999;3.764359000000000;32;1345.000000000000000;0.751955000000000;0
909;1622641500000;0.000563000000000;0.000568000000000;0.000563000000000;0.000567000000000;5416.000000000000000;1622642399999;3.061924000000000;10;4275.000000000000000;2.418738000000000;0
910;1622642400000;0.000568000000000;0.000570000000000;0.000568000000000;0.000570000000000;357.000000000000000;1622643299999;0.203132000000000;2;357.000000000000000;0.203132000000000;0
911;1622643300000;0.000567000000000;0.000567000000000;0.000559000000000;0.000559000000000;2849.000000000000000;1622644199999;1.598891000000000;10;0.000000000000000;0.000000000000000;0
912;1622644200000;0.000558000000000;0.000565000000000;0.000556000000000;0.000556000000000;8613.000000000000000;1622645099999;4.835115000000000;9;8265.000000000000000;4.641255000000000;0
913;1622645100000;0.000556000000000;0.000556000000000;0.000553000000000;0.000553000000000;9263.000000000000000;1622645999999;5.123318000000000;13;124.000000000000000;0.068944000000000;0
914;1622646000000;0.000552000000000;0.000557000000000;0.000545000000000;0.000548000000000;4647.000000000000000;1622646899999;2.556652000000000;26;895.000000000000000;0.497123000000000;0
915;1622646900000;0.000555000000000;0.000555000000000;0.000553000000000;0.000553000000000;565.000000000000000;1622647799999;0.313303000000000;2;565.000000000000000;0.313303000000000;0
916;1622647800000;0.000553000000000;0.000556000000000;0.000553000000000;0.000556000000000;643.000000000000000;1622648699999;0.356857000000000;2;643.000000000000000;0.356857000000000;0
917;1622648700000;0.000551000000000;0.000562000000000;0.000550000000000;0.000562000000000;14067.000000000000000;1622649599999;7.810579000000000;6;13874.000000000000000;7.704327000000000;0
918;1622649600000;0.000564000000000;0.000564000000000;0.000557000000000;0.000557000000000;7525.000000000000000;1622650499999;4.196455000000000;6;180.000000000000000;0.101520000000000;0
919;1622650500000;0.000560000000000;0.000560000000000;0.000558000000000;0.000558000000000;849.000000000000000;1622651399999;0.474594000000000;2;849.000000000000000;0.474594000000000;0
920;1622651400000;0.000557000000000;0.000557000000000;0.000553000000000;0.000553000000000;5539.000000000000000;1622652299999;3.079009000000000;3;3873.000000000000000;2.157261000000000;0
921;1622652300000;0.000560000000000;0.000560000000000;0.000552000000000;0.000555000000000;1939.000000000000000;1622653199999;1.073533000000000;4;1449.000000000000000;0.803053000000000;0
922;1622653200000;0.000555000000000;0.000555000000000;0.000555000000000;0.000555000000000;0.000000000000000;1622654099999;0.000000000000000;0;0.000000000000000;0.000000000000000;0
923;1622654100000;0.000552000000000;0.000552000000000;0.000552000000000;0.000552000000000;530.000000000000000;1622654999999;0.292560000000000;2;0.000000000000000;0.000000000000000;0
924;1622655000000;0.000552000000000;0.000552000000000;0.000551000000000;0.000551000000000;1583.000000000000000;1622655899999;0.872430000000000;3;197.000000000000000;0.108744000000000;0
925;1622655900000;0.000555000000000;0.000555000000000;0.000555000000000;0.000555000000000;26.000000000000000;1622656799999;0.014430000000000;1;26.000000000000000;0.014430000000000;0
926;1622656800000;0.000549000000000;0.000549000000000;0.000549000000000;0.000549000000000;218.000000000000000;1622657699999;0.119682000000000;2;0.000000000000000;0.000000000000000;0
927;1622657700000;0.000549000000000;0.000549000000000;0.000549000000000;0.000549000000000;0.000000000000000;1622658599999;0.000000000000000;0;0.000000000000000;0.000000000000000;0
928;1622658600000;0.000549000000000;0.000549000000000;0.000549000000000;0.000549000000000;0.000000000000000;1622659499999;0.000000000000000;0;0.000000000000000;0.000000000000000;0
929;1622659500000;0.000549000000000;0.000549000000000;0.000549000000000;0.000549000000000;0.000000000000000;1622660399999;0.000000000000000;0;0.000000000000000;0.000000000000000;0
930;1622660400000;0.000549000000000;0.000549000000000;0.000549000000000;0.000549000000000;0.000000000000000;1622661299999;0.000000000000000;0;0.000000000000000;0.000000000000000;0
931;1622661300000;0.000557000000000;0.000557000000000;0.000557000000000;0.000557000000000;230.000000000000000;1622662199999;0.128110000000000;2;230.000000000000000;0.128110000000000;0
932;1622662200000;0.000551000000000;0.000551000000000;0.000551000000000;0.000551000000000;370.000000000000000;1622663099999;0.203870000000000;1;0.000000000000000;0.000000000000000;0
933;1622663100000;0.000549000000000;0.000549000000000;0.000548000000000;0.000548000000000;583.000000000000000;1622663999999;0.319707000000000;4;0.000000000000000;0.000000000000000;0
934;1622664000000;0.000548000000000;0.000550000000000;0.000546000000000;0.000550000000000;779.000000000000000;1622664899999;0.426244000000000;6;92.000000000000000;0.050600000000000;0
935;1622664900000;0.000550000000000;0.000550000000000;0.000550000000000;0.000550000000000;0.000000000000000;1622665799999;0.000000000000000;0;0.000000000000000;0.000000000000000;0
936;1622665800000;0.000546000000000;0.000546000000000;0.000546000000000;0.000546000000000;530.000000000000000;1622666699999;0.289380000000000;4;0.000000000000000;0.000000000000000;0
937;1622666700000;0.000546000000000;0.000546000000000;0.000546000000000;0.000546000000000;0.000000000000000;1622667599999;0.000000000000000;0;0.000000000000000;0.000000000000000;0
938;1622667600000;0.000547000000000;0.000553000000000;0.000543000000000;0.000552000000000;9072.000000000000000;1622668499999;4.961807000000000;17;6682.000000000000000;3.659883000000000;0
939;1622668500000;0.000552000000000;0.000552000000000;0.000545000000000;0.000545000000000;198.000000000000000;1622669399999;0.108603000000000;2;99.000000000000000;0.054648000000000;0
940;1622669400000;0.000545000000000;0.000545000000000;0.000545000000000;0.000545000000000;0.000000000000000;1622670299999;0.000000000000000;0;0.000000000000000;0.000000000000000;0
941;1622670300000;0.000545000000000;0.000545000000000;0.000545000000000;0.000545000000000;0.000000000000000;1622671199999;0.000000000000000;0;0.000000000000000;0.000000000000000;0
942;1622671200000;0.000545000000000;0.000545000000000;0.000545000000000;0.000545000000000;1279.000000000000000;1622672099999;0.697055000000000;1;0.000000000000000;0.000000000000000;0
943;1622672100000;0.000547000000000;0.000547000000000;0.000543000000000;0.000544000000000;17382.000000000000000;1622672999999;9.481585000000001;5;5432.000000000000000;2.971304000000000;0
944;1622673000000;0.000543000000000;0.000545000000000;0.000541000000000;0.000545000000000;5812.000000000000000;1622673899999;3.153477000000000;11;970.000000000000000;0.528650000000000;0
945;1622673900000;0.000545000000000;0.000545000000000;0.000545000000000;0.000545000000000;0.000000000000000;1622674799999;0.000000000000000;0;0.000000000000000;0.000000000000000;0
946;1622674800000;0.000545000000000;0.000545000000000;0.000545000000000;0.000545000000000;0.000000000000000;1622675699999;0.000000000000000;0;0.000000000000000;0.000000000000000;0
947;1622675700000;0.000548000000000;0.000550000000000;0.000548000000000;0.000550000000000;1480.000000000000000;1622676599999;0.813740000000000;4;1480.000000000000000;0.813740000000000;0
948;1622676600000;0.000550000000000;0.000550000000000;0.000550000000000;0.000550000000000;0.000000000000000;1622677499999;0.000000000000000;0;0.000000000000000;0.000000000000000;0
949;1622677500000;0.000548000000000;0.000548000000000;0.000548000000000;0.000548000000000;100.000000000000000;1622678399999;0.054800000000000;1;100.000000000000000;0.054800000000000;0
950;1622679300000;0.000548000000000;0.000548000000000;0.000548000000000;0.000548000000000;110.000000000000000;1622680199999;0.060280000000000;1;110.000000000000000;0.060280000000000;0
951;1622680200000;0.000548000000000;0.000548000000000;0.000548000000000;0.000548000000000;0.000000000000000;1622681099999;0.000000000000000;0;0.000000000000000;0.000000000000000;0
952;1622681100000;0.000548000000000;0.000548000000000;0.000548000000000;0.000548000000000;0.000000000000000;1622681999999;0.000000000000000;0;0.000000000000000;0.000000000000000;0
953;1622682000000;0.000544000000000;0.000544000000000;0.000544000000000;0.000544000000000;108.000000000000000;1622682899999;0.058752000000000;1;0.000000000000000;0.000000000000000;0
954;1622682900000;0.000544000000000;0.000544000000000;0.000544000000000;0.000544000000000;0.000000000000000;1622683799999;0.000000000000000;0;0.000000000000000;0.000000000000000;0
955;1622683800000;0.000544000000000;0.000544000000000;0.000544000000000;0.000544000000000;93.000000000000000;1622684699999;0.050592000000000;1;0.000000000000000;0.000000000000000;0
956;1622684700000;0.000548000000000;0.000548000000000;0.000541000000000;0.000541000000000;7307.000000000000000;1622685599999;4.000260000000000;12;6739.000000000000000;3.692972000000000;0
957;1622685600000;0.000547000000000;0.000547000000000;0.000547000000000;0.000547000000000;448.000000000000000;1622686499999;0.245056000000000;1;448.000000000000000;0.245056000000000;0
958;1622686500000;0.000545000000000;0.000545000000000;0.000545000000000;0.000545000000000;2028.000000000000000;1622687399999;1.105260000000000;3;2028.000000000000000;1.105260000000000;0
959;1622687400000;0.000549000000000;0.000549000000000;0.000549000000000;0.000549000000000;266.000000000000000;1622688299999;0.146034000000000;2;131.000000000000000;0.071919000000000;0
960;1622688300000;0.000553000000000;0.000554000000000;0.000553000000000;0.000554000000000;2552.000000000000000;1622689199999;1.413699000000000;5;1079.000000000000000;0.597657000000000;0
961;1622689200000;0.000554000000000;0.000554000000000;0.000554000000000;0.000554000000000;3075.000000000000000;1622690099999;1.703550000000000;2;0.000000000000000;0.000000000000000;0
962;1622690100000;0.000554000000000;0.000554000000000;0.000554000000000;0.000554000000000;0.000000000000000;1622690999999;0.000000000000000;0;0.000000000000000;0.000000000000000;0
963;1622691000000;0.000556000000000;0.000556000000000;0.000556000000000;0.000556000000000;446.000000000000000;1622691899999;0.247976000000000;1;446.000000000000000;0.247976000000000;0
964;1622691900000;0.000546000000000;0.000552000000000;0.000539000000000;0.000548000000000;27175.000000000000000;1622692799999;14.797010000000000;16;2919.000000000000000;1.596496000000000;0
965;1622692800000;0.000551000000000;0.000551000000000;0.000551000000000;0.000551000000000;58.000000000000000;1622693699999;0.031958000000000;2;58.000000000000000;0.031958000000000;0
966;1622693700000;0.000551000000000;0.000552000000000;0.000551000000000;0.000552000000000;60.000000000000000;1622694599999;0.033092000000000;2;60.000000000000000;0.033092000000000;0
967;1622694600000;0.000552000000000;0.000552000000000;0.000552000000000;0.000552000000000;0.000000000000000;1622695499999;0.000000000000000;0;0.000000000000000;0.000000000000000;0
968;1622695500000;0.000549000000000;0.000549000000000;0.000549000000000;0.000549000000000;31.000000000000000;1622696399999;0.017019000000000;1;31.000000000000000;0.017019000000000;0
969;1622696400000;0.000544000000000;0.000544000000000;0.000540000000000;0.000540000000000;1354.000000000000000;1622697299999;0.733225000000000;8;436.000000000000000;0.237184000000000;0
970;1622697300000;0.000539000000000;0.000539000000000;0.000537000000000;0.000537000000000;1158.000000000000000;1622698199999;0.623932000000000;5;0.000000000000000;0.000000000000000;0
971;1622698200000;0.000537000000000;0.000537000000000;0.000537000000000;0.000537000000000;0.000000000000000;1622699099999;0.000000000000000;0;0.000000000000000;0.000000000000000;0
972;1622699100000;0.000538000000000;0.000538000000000;0.000538000000000;0.000538000000000;1101.000000000000000;1622699999999;0.592338000000000;1;0.000000000000000;0.000000000000000;0
973;1622700000000;0.000539000000000;0.000545000000000;0.000538000000000;0.000545000000000;1753.000000000000000;1622700899999;0.944151000000000;4;25.000000000000000;0.013625000000000;0
974;1622700900000;0.000539000000000;0.000539000000000;0.000539000000000;0.000539000000000;407.000000000000000;1622701799999;0.219373000000000;3;0.000000000000000;0.000000000000000;0
975;1622701800000;0.000538000000000;0.000564000000000;0.000538000000000;0.000564000000000;72791.000000000000000;1622702699999;40.312167000000002;43;64471.000000000000000;35.710839000000000;0
976;1622702700000;0.000565000000000;0.000569000000000;0.000546000000000;0.000546000000000;42558.000000000000000;1622703599999;23.741244999999999;38;18690.000000000000000;10.499765000000000;0
977;1622703600000;0.000547000000000;0.000549000000000;0.000547000000000;0.000549000000000;3906.000000000000000;1622704499999;2.137084000000000;5;0.000000000000000;0.000000000000000;0
978;1622704500000;0.000548000000000;0.000548000000000;0.000542000000000;0.000542000000000;20782.000000000000000;1622705399999;11.347220999999999;19;3975.000000000000000;2.162400000000000;0
979;1622705400000;0.000542000000000;0.000542000000000;0.000542000000000;0.000542000000000;0.000000000000000;1622706299999;0.000000000000000;0;0.000000000000000;0.000000000000000;0
980;1622706300000;0.000546000000000;0.000546000000000;0.000546000000000;0.000546000000000;350.000000000000000;1622707199999;0.191100000000000;2;0.000000000000000;0.000000000000000;0
981;1622707200000;0.000546000000000;0.000546000000000;0.000546000000000;0.000546000000000;0.000000000000000;1622708099999;0.000000000000000;0;0.000000000000000;0.000000000000000;0
982;1622708100000;0.000548000000000;0.000548000000000;0.000548000000000;0.000548000000000;124.000000000000000;1622708999999;0.067952000000000;2;124.000000000000000;0.067952000000000;0
983;1622709000000;0.000552000000000;0.000552000000000;0.000552000000000;0.000552000000000;3655.000000000000000;1622709899999;2.017560000000000;1;3655.000000000000000;2.017560000000000;0
984;1622709900000;0.000550000000000;0.000550000000000;0.000549000000000;0.000549000000000;1246.000000000000000;1622710799999;0.684216000000000;2;1084.000000000000000;0.595116000000000;0
985;1622710800000;0.000552000000000;0.000552000000000;0.000552000000000;0.000552000000000;370.000000000000000;1622711699999;0.204240000000000;1;370.000000000000000;0.204240000000000;0
986;1622711700000;0.000549000000000;0.000549000000000;0.000549000000000;0.000549000000000;791.000000000000000;1622712599999;0.434259000000000;3;0.000000000000000;0.000000000000000;0
987;1622712600000;0.000554000000000;0.000555000000000;0.000550000000000;0.000550000000000;1432.000000000000000;1622713499999;0.791789000000000;5;173.000000000000000;0.096015000000000;0
988;1622713500000;0.000555000000000;0.000555000000000;0.000546000000000;0.000546000000000;12192.000000000000000;1622714399999;6.694875000000000;16;5893.000000000000000;3.242817000000000;0
989;1622714400000;0.000546000000000;0.000547000000000;0.000542000000000;0.000547000000000;5050.000000000000000;1622715299999;2.749097000000000;13;2802.000000000000000;1.527444000000000;0
990;1622715300000;0.000542000000000;0.000542000000000;0.000542000000000;0.000542000000000;426.000000000000000;1622716199999;0.230892000000000;1;0.000000000000000;0.000000000000000;0
991;1622716200000;0.000542000000000;0.000542000000000;0.000531000000000;0.000540000000000;78129.000000000000000;1622717099999;41.720356000000002;41;30922.000000000000000;16.585985999999998;0
992;1622717100000;0.000540000000000;0.000549000000000;0.000540000000000;0.000549000000000;1166.000000000000000;1622717999999;0.632509000000000;6;395.000000000000000;0.214609000000000;0
993;1622718000000;0.000546000000000;0.000546000000000;0.000536000000000;0.000537000000000;15363.000000000000000;1622718899999;8.268457000000000;16;129.000000000000000;0.070248000000000;0
994;1622718900000;0.000543000000000;0.000543000000000;0.000536000000000;0.000536000000000;1453.000000000000000;1622719799999;0.780256000000000;3;27.000000000000000;0.014661000000000;0
995;1622719800000;0.000534000000000;0.000538000000000;0.000531000000000;0.000534000000000;5152.000000000000000;1622720699999;2.750363000000000;13;2467.000000000000000;1.322313000000000;0
996;1622720700000;0.000535000000000;0.000535000000000;0.000534000000000;0.000534000000000;6034.000000000000000;1622721599999;3.223797000000000;4;0.000000000000000;0.000000000000000;0
997;1622721600000;0.000533000000000;0.000538000000000;0.000533000000000;0.000538000000000;6432.000000000000000;1622722499999;3.434916000000000;6;4904.000000000000000;2.620492000000000;0
998;1622722500000;0.000538000000000;0.000538000000000;0.000538000000000;0.000538000000000;4548.000000000000000;1622723399999;2.446824000000000;7;3729.000000000000000;2.006202000000000;0
999;1622723400000;0.000543000000000;0.000543000000000;0.000537000000000;0.000537000000000;409.000000000000000;1622724299999;0.219843000000000;2;35.000000000000000;0.019005000000000;0
1000;1622724300000;0.000543000000000;0.000543000000000;0.000543000000000;0.000543000000000;29.000000000000000;1622725199999;0.015747000000000;1;29.000000000000000;0.015747000000000;0
1001;1622725200000;0.000543000000000;0.000543000000000;0.000543000000000;0.000543000000000;0.000000000000000;1622726099999;0.000000000000000;0;0.000000000000000;0.000000000000000;0
1002;1622726100000;0.000537000000000;0.000537000000000;0.000537000000000;0.000537000000000;869.000000000000000;1622726999999;0.466653000000000;3;0.000000000000000;0.000000000000000;0
1003;1622727000000;0.000547000000000;0.000547000000000;0.000547000000000;0.000547000000000;556.000000000000000;1622727899999;0.304132000000000;2;556.000000000000000;0.304132000000000;0
1004;1622727900000;0.000540000000000;0.000540000000000;0.000537000000000;0.000537000000000;1863.000000000000000;1622728799999;1.001742000000000;3;0.000000000000000;0.000000000000000;0
1005;1622728800000;0.000537000000000;0.000537000000000;0.000537000000000;0.000537000000000;0.000000000000000;1622729699999;0.000000000000000;0;0.000000000000000;0.000000000000000;0
1006;1622729700000;0.000537000000000;0.000537000000000;0.000537000000000;0.000537000000000;0.000000000000000;1622730599999;0.000000000000000;0;0.000000000000000;0.000000000000000;0
1007;1622730600000;0.000535000000000;0.000543000000000;0.000535000000000;0.000543000000000;1385.000000000000000;1622731499999;0.751215000000000;4;1280.000000000000000;0.695040000000000;0
1008;1622731500000;0.000543000000000;0.000543000000000;0.000543000000000;0.000543000000000;439.000000000000000;1622732399999;0.238377000000000;1;439.000000000000000;0.238377000000000;0
1009;1622732400000;0.000543000000000;0.000550000000000;0.000543000000000;0.000550000000000;1018.000000000000000;1622733299999;0.555893000000000;3;1018.000000000000000;0.555893000000000;0
1010;1622733300000;0.000554000000000;0.000556000000000;0.000552000000000;0.000552000000000;5680.000000000000000;1622734199999;3.147397000000000;6;5529.000000000000000;3.064045000000000;0
1011;1622734200000;0.000552000000000;0.000552000000000;0.000552000000000;0.000552000000000;0.000000000000000;1622735099999;0.000000000000000;0;0.000000000000000;0.000000000000000;0
1012;1622735100000;0.000552000000000;0.000552000000000;0.000552000000000;0.000552000000000;0.000000000000000;1622735999999;0.000000000000000;0;0.000000000000000;0.000000000000000;0
1013;1622736000000;0.000555000000000;0.000556000000000;0.000551000000000;0.000556000000000;656.000000000000000;1622736899999;0.362539000000000;4;222.000000000000000;0.123405000000000;0
1014;1622736900000;0.000558000000000;0.000558000000000;0.000550000000000;0.000550000000000;971.000000000000000;1622737799999;0.537273000000000;5;300.000000000000000;0.167400000000000;0
1015;1622737800000;0.000558000000000;0.000568000000000;0.000558000000000;0.000568000000000;18628.000000000000000;1622738699999;10.468323000000000;24;17956.000000000000000;10.090566000000001;0
1016;1622738700000;0.000566000000000;0.000571000000000;0.000563000000000;0.000563000000000;37439.000000000000000;1622739599999;21.214634000000000;39;13561.000000000000000;7.727759000000000;0
1017;1622739600000;0.000563000000000;0.000566000000000;0.000561000000000;0.000561000000000;691.000000000000000;1622740499999;0.389210000000000;5;179.000000000000000;0.101314000000000;0
1018;1622740500000;0.000561000000000;0.000561000000000;0.000560000000000;0.000560000000000;9999.000000000000000;1622741399999;5.603919000000000;18;915.000000000000000;0.513315000000000;0
1019;1622741400000;0.000559000000000;0.000559000000000;0.000559000000000;0.000559000000000;181.000000000000000;1622742299999;0.101179000000000;1;0.000000000000000;0.000000000000000;0
1020;1622742300000;0.000555000000000;0.000555000000000;0.000554000000000;0.000554000000000;519.000000000000000;1622743199999;0.287645000000000;4;0.000000000000000;0.000000000000000;0
1021;1622743200000;0.000555000000000;0.000555000000000;0.000555000000000;0.000555000000000;231.000000000000000;1622744099999;0.128205000000000;1;0.000000000000000;0.000000000000000;0
1022;1622744100000;0.000560000000000;0.000564000000000;0.000557000000000;0.000564000000000;23155.000000000000000;1622744999999;12.950599000000000;11;21836.000000000000000;12.214838000000000;0
1023;1622745000000;0.000566000000000;0.000570000000000;0.000560000000000;0.000561000000000;13741.000000000000000;1622745899999;7.781693000000000;18;11695.000000000000000;6.631079000000000;0
1024;1622745900000;0.000560000000000;0.000560000000000;0.000552000000000;0.000552000000000;18036.000000000000000;1622746799999;10.061659000000001;16;0.000000000000000;0.000000000000000;0
1025;1622746800000;0.000551000000000;0.000554000000000;0.000551000000000;0.000554000000000;1753.000000000000000;1622747699999;0.969817000000000;6;1656.000000000000000;0.916370000000000;0
1026;1622747700000;0.000555000000000;0.000555000000000;0.000555000000000;0.000555000000000;2781.000000000000000;1622748599999;1.543455000000000;2;0.000000000000000;0.000000000000000;0
1027;1622748600000;0.000554000000000;0.000554000000000;0.000554000000000;0.000554000000000;173.000000000000000;1622749499999;0.095842000000000;1;0.000000000000000;0.000000000000000;0
1028;1622749500000;0.000554000000000;0.000554000000000;0.000554000000000;0.000554000000000;0.000000000000000;1622750399999;0.000000000000000;0;0.000000000000000;0.000000000000000;0
1029;1622750400000;0.000554000000000;0.000554000000000;0.000554000000000;0.000554000000000;0.000000000000000;1622751299999;0.000000000000000;0;0.000000000000000;0.000000000000000;0
1030;1622751300000;0.000552000000000;0.000559000000000;0.000552000000000;0.000552000000000;5369.000000000000000;1622752199999;2.964598000000000;4;182.000000000000000;0.101374000000000;0
1031;1622752200000;0.000552000000000;0.000559000000000;0.000552000000000;0.000559000000000;1366.000000000000000;1622753099999;0.754256000000000;4;32.000000000000000;0.017888000000000;0
1032;1622753100000;0.000551000000000;0.000554000000000;0.000550000000000;0.000554000000000;524.000000000000000;1622753999999;0.289122000000000;4;200.000000000000000;0.110800000000000;0
1033;1622754000000;0.000549000000000;0.000549000000000;0.000549000000000;0.000549000000000;510.000000000000000;1622754899999;0.279990000000000;5;0.000000000000000;0.000000000000000;0
1034;1622754900000;0.000549000000000;0.000549000000000;0.000549000000000;0.000549000000000;0.000000000000000;1622755799999;0.000000000000000;0;0.000000000000000;0.000000000000000;0
1035;1622755800000;0.000547000000000;0.000547000000000;0.000541000000000;0.000541000000000;3583.000000000000000;1622756699999;1.948937000000000;22;0.000000000000000;0.000000000000000;0
1036;1622756700000;0.000541000000000;0.000541000000000;0.000539000000000;0.000539000000000;724.000000000000000;1622757599999;0.390787000000000;6;0.000000000000000;0.000000000000000;0
1037;1622757600000;0.000540000000000;0.000540000000000;0.000540000000000;0.000540000000000;2389.000000000000000;1622758499999;1.290060000000000;7;2220.000000000000000;1.198800000000000;0
1038;1622758500000;0.000540000000000;0.000541000000000;0.000540000000000;0.000541000000000;724.000000000000000;1622759399999;0.391201000000000;3;0.000000000000000;0.000000000000000;0
1039;1622759400000;0.000538000000000;0.000538000000000;0.000536000000000;0.000536000000000;823.000000000000000;1622760299999;0.441974000000000;8;0.000000000000000;0.000000000000000;0
1040;1622760300000;0.000536000000000;0.000536000000000;0.000536000000000;0.000536000000000;268.000000000000000;1622761199999;0.143648000000000;1;0.000000000000000;0.000000000000000;0
1041;1622761200000;0.000535000000000;0.000535000000000;0.000534000000000;0.000534000000000;1164.000000000000000;1622762099999;0.622178000000000;6;0.000000000000000;0.000000000000000;0
1042;1622762100000;0.000534000000000;0.000534000000000;0.000531000000000;0.000531000000000;1575.000000000000000;1622762999999;0.838592000000000;14;0.000000000000000;0.000000000000000;0
1043;1622763000000;0.000531000000000;0.000531000000000;0.000531000000000;0.000531000000000;0.000000000000000;1622763899999;0.000000000000000;0;0.000000000000000;0.000000000000000;0
1044;1622763900000;0.000531000000000;0.000531000000000;0.000531000000000;0.000531000000000;0.000000000000000;1622764799999;0.000000000000000;0;0.000000000000000;0.000000000000000;0
1045;1622765700000;0.000528000000000;0.000528000000000;0.000528000000000;0.000528000000000;0.000000000000000;1622766599999;0.000000000000000;0;0.000000000000000;0.000000000000000;0
1046;1622766600000;0.000528000000000;0.000528000000000;0.000528000000000;0.000528000000000;0.000000000000000;1622767499999;0.000000000000000;0;0.000000000000000;0.000000000000000;0
1047;1622767500000;0.000528000000000;0.000528000000000;0.000528000000000;0.000528000000000;0.000000000000000;1622768399999;0.000000000000000;0;0.000000000000000;0.000000000000000;0
1048;1622768400000;0.000528000000000;0.000528000000000;0.000528000000000;0.000528000000000;0.000000000000000;1622769299999;0.000000000000000;0;0.000000000000000;0.000000000000000;0
1049;1622769300000;0.000526000000000;0.000530000000000;0.000524000000000;0.000530000000000;7951.000000000000000;1622770199999;4.205023000000000;14;6785.000000000000000;3.592467000000000;0
1050;1622770200000;0.000525000000000;0.000525000000000;0.000525000000000;0.000525000000000;238.000000000000000;1622771099999;0.124950000000000;2;0.000000000000000;0.000000000000000;0
1051;1622771100000;0.000525000000000;0.000525000000000;0.000525000000000;0.000525000000000;0.000000000000000;1622771999999;0.000000000000000;0;0.000000000000000;0.000000000000000;0
1052;1622772000000;0.000525000000000;0.000525000000000;0.000525000000000;0.000525000000000;0.000000000000000;1622772899999;0.000000000000000;0;0.000000000000000;0.000000000000000;0
1053;1622772900000;0.000525000000000;0.000525000000000;0.000525000000000;0.000525000000000;0.000000000000000;1622773799999;0.000000000000000;0;0.000000000000000;0.000000000000000;0
1054;1622773800000;0.000525000000000;0.000525000000000;0.000525000000000;0.000525000000000;0.000000000000000;1622774699999;0.000000000000000;0;0.000000000000000;0.000000000000000;0
1055;1622774700000;0.000525000000000;0.000525000000000;0.000525000000000;0.000525000000000;137.000000000000000;1622775599999;0.071925000000000;1;0.000000000000000;0.000000000000000;0
1056;1622775600000;0.000525000000000;0.000525000000000;0.000525000000000;0.000525000000000;0.000000000000000;1622776499999;0.000000000000000;0;0.000000000000000;0.000000000000000;0
1057;1622776500000;0.000524000000000;0.000524000000000;0.000523000000000;0.000523000000000;3272.000000000000000;1622777399999;1.713737000000000;10;0.000000000000000;0.000000000000000;0
1058;1622777400000;0.000522000000000;0.000522000000000;0.000522000000000;0.000522000000000;269.000000000000000;1622778299999;0.140418000000000;3;0.000000000000000;0.000000000000000;0
1059;1622778300000;0.000526000000000;0.000526000000000;0.000526000000000;0.000526000000000;100.000000000000000;1622779199999;0.052600000000000;1;100.000000000000000;0.052600000000000;0
1060;1622779200000;0.000523000000000;0.000523000000000;0.000523000000000;0.000523000000000;163.000000000000000;1622780099999;0.085249000000000;1;0.000000000000000;0.000000000000000;0
1061;1622780100000;0.000521000000000;0.000521000000000;0.000519000000000;0.000519000000000;1063.000000000000000;1622780999999;0.552523000000000;8;0.000000000000000;0.000000000000000;0
1062;1622781000000;0.000519000000000;0.000526000000000;0.000519000000000;0.000526000000000;1612.000000000000000;1622781899999;0.837825000000000;6;171.000000000000000;0.089946000000000;0
1063;1622781900000;0.000521000000000;0.000521000000000;0.000520000000000;0.000520000000000;470.000000000000000;1622782799999;0.244682000000000;4;0.000000000000000;0.000000000000000;0
1064;1622782800000;0.000523000000000;0.000527000000000;0.000522000000000;0.000527000000000;606.000000000000000;1622783699999;0.317367000000000;3;136.000000000000000;0.071672000000000;0
1065;1622783700000;0.000534000000000;0.000534000000000;0.000534000000000;0.000534000000000;20181.000000000000000;1622784599999;10.776654000000001;9;19150.000000000000000;10.226100000000001;0
1066;1622784600000;0.000537000000000;0.000539000000000;0.000537000000000;0.000539000000000;13504.000000000000000;1622785499999;7.265118000000000;7;13504.000000000000000;7.265118000000000;0
1067;1622785500000;0.000535000000000;0.000535000000000;0.000530000000000;0.000530000000000;4976.000000000000000;1622786399999;2.638500000000000;9;4290.000000000000000;2.273700000000000;0
1068;1622786400000;0.000532000000000;0.000532000000000;0.000532000000000;0.000532000000000;595.000000000000000;1622787299999;0.316540000000000;2;111.000000000000000;0.059052000000000;0
1069;1622787300000;0.000532000000000;0.000532000000000;0.000532000000000;0.000532000000000;0.000000000000000;1622788199999;0.000000000000000;0;0.000000000000000;0.000000000000000;0
1070;1622788200000;0.000531000000000;0.000531000000000;0.000531000000000;0.000531000000000;282.000000000000000;1622789099999;0.149742000000000;1;0.000000000000000;0.000000000000000;0
1071;1622789100000;0.000532000000000;0.000532000000000;0.000530000000000;0.000531000000000;5061.000000000000000;1622789999999;2.691071000000000;6;0.000000000000000;0.000000000000000;0
1072;1622790000000;0.000530000000000;0.000530000000000;0.000523000000000;0.000523000000000;1362.000000000000000;1622790899999;0.715220000000000;7;341.000000000000000;0.180730000000000;0
1073;1622790900000;0.000523000000000;0.000529000000000;0.000522000000000;0.000529000000000;2380.000000000000000;1622791799999;1.244738000000000;6;171.000000000000000;0.090459000000000;0
1074;1622791800000;0.000529000000000;0.000529000000000;0.000529000000000;0.000529000000000;0.000000000000000;1622792699999;0.000000000000000;0;0.000000000000000;0.000000000000000;0
1075;1622792700000;0.000529000000000;0.000529000000000;0.000529000000000;0.000529000000000;0.000000000000000;1622793599999;0.000000000000000;0;0.000000000000000;0.000000000000000;0
1076;1622793600000;0.000521000000000;0.000525000000000;0.000518000000000;0.000524000000000;10974.000000000000000;1622794499999;5.709734000000000;18;3134.000000000000000;1.645156000000000;0
1077;1622794500000;0.000525000000000;0.000526000000000;0.000523000000000;0.000525000000000;2450.000000000000000;1622795399999;1.286820000000000;6;1952.000000000000000;1.026366000000000;0
1078;1622795400000;0.000527000000000;0.000527000000000;0.000522000000000;0.000522000000000;483.000000000000000;1622796299999;0.252799000000000;3;96.000000000000000;0.050592000000000;0
1079;1622796300000;0.000524000000000;0.000524000000000;0.000520000000000;0.000520000000000;5982.000000000000000;1622797199999;3.116449000000000;11;397.000000000000000;0.207624000000000;0
1080;1622797200000;0.000522000000000;0.000522000000000;0.000519000000000;0.000519000000000;485.000000000000000;1622798099999;0.252491000000000;3;194.000000000000000;0.101268000000000;0
1081;1622798100000;0.000522000000000;0.000522000000000;0.000522000000000;0.000522000000000;194.000000000000000;1622798999999;0.101268000000000;1;194.000000000000000;0.101268000000000;0
1082;1622799000000;0.000520000000000;0.000520000000000;0.000518000000000;0.000518000000000;503.000000000000000;1622799899999;0.260942000000000;3;0.000000000000000;0.000000000000000;0
1083;1622799900000;0.000518000000000;0.000519000000000;0.000516000000000;0.000516000000000;1767.000000000000000;1622800799999;0.915530000000000;9;694.000000000000000;0.360186000000000;0
1084;1622800800000;0.000516000000000;0.000517000000000;0.000513000000000;0.000517000000000;5434.000000000000000;1622801699999;2.800912000000000;22;2138.000000000000000;1.103998000000000;0
1085;1622801700000;0.000519000000000;0.000520000000000;0.000519000000000;0.000520000000000;391.000000000000000;1622802599999;0.203124000000000;2;391.000000000000000;0.203124000000000;0
1086;1622802600000;0.000522000000000;0.000522000000000;0.000518000000000;0.000518000000000;1684.000000000000000;1622803499999;0.877100000000000;6;1295.000000000000000;0.675210000000000;0
1087;1622803500000;0.000517000000000;0.000517000000000;0.000517000000000;0.000517000000000;196.000000000000000;1622804399999;0.101332000000000;1;0.000000000000000;0.000000000000000;0
1088;1622804400000;0.000519000000000;0.000519000000000;0.000517000000000;0.000519000000000;804.000000000000000;1622805299999;0.416782000000000;6;557.000000000000000;0.289083000000000;0
1089;1622805300000;0.000519000000000;0.000519000000000;0.000519000000000;0.000519000000000;0.000000000000000;1622806199999;0.000000000000000;0;0.000000000000000;0.000000000000000;0
1090;1622806200000;0.000520000000000;0.000522000000000;0.000518000000000;0.000521000000000;7360.000000000000000;1622807099999;3.819543000000000;8;1927.000000000000000;1.004861000000000;0
1091;1622807100000;0.000521000000000;0.000521000000000;0.000517000000000;0.000517000000000;733.000000000000000;1622807999999;0.380328000000000;4;0.000000000000000;0.000000000000000;0
1092;1622808000000;0.000516000000000;0.000517000000000;0.000512000000000;0.000512000000000;2098.000000000000000;1622808899999;1.078406000000000;17;196.000000000000000;0.101332000000000;0
1093;1622808900000;0.000514000000000;0.000515000000000;0.000514000000000;0.000515000000000;1529.000000000000000;1622809799999;0.786103000000000;3;1529.000000000000000;0.786103000000000;0
1094;1622809800000;0.000517000000000;0.000520000000000;0.000515000000000;0.000520000000000;6860.000000000000000;1622810699999;3.540016000000000;8;6664.000000000000000;3.439076000000000;0
1095;1622810700000;0.000517000000000;0.000517000000000;0.000513000000000;0.000515000000000;924.000000000000000;1622811599999;0.475582000000000;6;197.000000000000000;0.101455000000000;0
1096;1622811600000;0.000517000000000;0.000517000000000;0.000515000000000;0.000517000000000;1189.000000000000000;1622812499999;0.614321000000000;4;993.000000000000000;0.513381000000000;0
1097;1622812500000;0.000517000000000;0.000517000000000;0.000512000000000;0.000512000000000;6007.000000000000000;1622813399999;3.080879000000000;8;5307.000000000000000;2.721694000000000;0
1098;1622813400000;0.000511000000000;0.000514000000000;0.000511000000000;0.000511000000000;1793.000000000000000;1622814299999;0.919450000000000;6;1010.000000000000000;0.519140000000000;0
1099;1622814300000;0.000511000000000;0.000515000000000;0.000511000000000;0.000515000000000;3863.000000000000000;1622815199999;1.977248000000000;5;394.000000000000000;0.202713000000000;0
1100;1622815200000;0.000515000000000;0.000516000000000;0.000514000000000;0.000514000000000;8631.000000000000000;1622816099999;4.449853000000000;6;5869.000000000000000;3.028404000000000;0
1101;1622816100000;0.000517000000000;0.000517000000000;0.000515000000000;0.000515000000000;392.000000000000000;1622816999999;0.202272000000000;2;196.000000000000000;0.101332000000000;0
1102;1622817000000;0.000516000000000;0.000519000000000;0.000516000000000;0.000517000000000;3158.000000000000000;1622817899999;1.632950000000000;10;2148.000000000000000;1.109152000000000;0
1103;1622817900000;0.000519000000000;0.000520000000000;0.000514000000000;0.000519000000000;2635.000000000000000;1622818799999;1.361024000000000;11;961.000000000000000;0.498446000000000;0
1104;1622818800000;0.000520000000000;0.000520000000000;0.000518000000000;0.000518000000000;2403.000000000000000;1622819699999;1.246624000000000;7;2208.000000000000000;1.145614000000000;0
1105;1622819700000;0.000520000000000;0.000524000000000;0.000518000000000;0.000524000000000;12807.000000000000000;1622820599999;6.679312000000000;24;9944.000000000000000;5.195114000000000;0
1106;1622820600000;0.000522000000000;0.000525000000000;0.000522000000000;0.000525000000000;739.000000000000000;1622821499999;0.387010000000000;6;482.000000000000000;0.252856000000000;0
1107;1622821500000;0.000525000000000;0.000528000000000;0.000522000000000;0.000525000000000;1172.000000000000000;1622822399999;0.615571000000000;8;674.000000000000000;0.354843000000000;0
1108;1622822400000;0.000527000000000;0.000528000000000;0.000522000000000;0.000522000000000;1020.000000000000000;1622823299999;0.536498000000000;4;938.000000000000000;0.493694000000000;0
1109;1622823300000;0.000520000000000;0.000525000000000;0.000517000000000;0.000517000000000;2063.000000000000000;1622824199999;1.075510000000000;9;1285.000000000000000;0.670963000000000;0
1110;1622824200000;0.000520000000000;0.000520000000000;0.000519000000000;0.000519000000000;390.000000000000000;1622825099999;0.202604000000000;2;390.000000000000000;0.202604000000000;0
1111;1622825100000;0.000520000000000;0.000522000000000;0.000520000000000;0.000522000000000;195.000000000000000;1622825999999;0.101788000000000;2;195.000000000000000;0.101788000000000;0
1112;1622826000000;0.000521000000000;0.000521000000000;0.000521000000000;0.000521000000000;119.000000000000000;1622826899999;0.061999000000000;1;0.000000000000000;0.000000000000000;0
1113;1622826900000;0.000525000000000;0.000525000000000;0.000518000000000;0.000518000000000;1573.000000000000000;1622827799999;0.819005000000000;12;387.000000000000000;0.202593000000000;0
1114;1622827800000;0.000517000000000;0.000519000000000;0.000517000000000;0.000517000000000;1013.000000000000000;1622828699999;0.524234000000000;7;196.000000000000000;0.101724000000000;0
1115;1622828700000;0.000519000000000;0.000523000000000;0.000519000000000;0.000520000000000;1703.000000000000000;1622829599999;0.888060000000000;10;1045.000000000000000;0.544972000000000;0
1116;1622829600000;0.000522000000000;0.000522000000000;0.000519000000000;0.000519000000000;5799.000000000000000;1622830499999;3.009966000000000;3;95.000000000000000;0.049590000000000;0
1117;1622830500000;0.000519000000000;0.000519000000000;0.000519000000000;0.000519000000000;0.000000000000000;1622831399999;0.000000000000000;0;0.000000000000000;0.000000000000000;0
1118;1622831400000;0.000518000000000;0.000519000000000;0.000518000000000;0.000519000000000;792.000000000000000;1622832299999;0.410733000000000;3;477.000000000000000;0.247563000000000;0
1119;1622832300000;0.000519000000000;0.000520000000000;0.000519000000000;0.000520000000000;949.000000000000000;1622833199999;0.493004000000000;3;949.000000000000000;0.493004000000000;0
1120;1622833200000;0.000518000000000;0.000518000000000;0.000514000000000;0.000514000000000;2642.000000000000000;1622834099999;1.363727000000000;16;851.000000000000000;0.439116000000000;0
1121;1622834100000;0.000514000000000;0.000514000000000;0.000512000000000;0.000514000000000;3109.000000000000000;1622834999999;1.595534000000000;16;485.000000000000000;0.249290000000000;0
1122;1622835000000;0.000515000000000;0.000515000000000;0.000513000000000;0.000513000000000;902.000000000000000;1622835899999;0.463896000000000;5;585.000000000000000;0.301275000000000;0
1123;1622835900000;0.000515000000000;0.000515000000000;0.000512000000000;0.000512000000000;1147.000000000000000;1622836799999;0.589390000000000;6;643.000000000000000;0.331145000000000;0
1124;1622836800000;0.000512000000000;0.000514000000000;0.000511000000000;0.000511000000000;3118.000000000000000;1622837699999;1.595738000000000;15;487.000000000000000;0.250318000000000;0
1125;1622837700000;0.000511000000000;0.000511000000000;0.000511000000000;0.000511000000000;0.000000000000000;1622838599999;0.000000000000000;0;0.000000000000000;0.000000000000000;0
1126;1622838600000;0.000514000000000;0.000514000000000;0.000512000000000;0.000512000000000;708.000000000000000;1622839499999;0.363518000000000;4;511.000000000000000;0.262654000000000;0
1127;1622839500000;0.000514000000000;0.000514000000000;0.000511000000000;0.000514000000000;14508.000000000000000;1622840399999;7.428812000000000;9;2551.000000000000000;1.311214000000000;0
1128;1622840400000;0.000515000000000;0.000516000000000;0.000515000000000;0.000516000000000;595.000000000000000;1622841299999;0.306823000000000;3;595.000000000000000;0.306823000000000;0
1129;1622841300000;0.000516000000000;0.000516000000000;0.000513000000000;0.000513000000000;676.000000000000000;1622842199999;0.348225000000000;2;479.000000000000000;0.247164000000000;0
1130;1622842200000;0.000512000000000;0.000514000000000;0.000511000000000;0.000512000000000;1390.000000000000000;1622843099999;0.712127000000000;9;481.000000000000000;0.247234000000000;0
1131;1622843100000;0.000514000000000;0.000514000000000;0.000514000000000;0.000514000000000;319.000000000000000;1622843999999;0.163966000000000;3;197.000000000000000;0.101258000000000;0
1132;1622844000000;0.000514000000000;0.000516000000000;0.000511000000000;0.000511000000000;1742.000000000000000;1622844899999;0.895308000000000;10;1031.000000000000000;0.531201000000000;0
1133;1622844900000;0.000512000000000;0.000512000000000;0.000512000000000;0.000512000000000;192.000000000000000;1622845799999;0.098304000000000;1;192.000000000000000;0.098304000000000;0
1134;1622845800000;0.000512000000000;0.000512000000000;0.000512000000000;0.000512000000000;0.000000000000000;1622846699999;0.000000000000000;0;0.000000000000000;0.000000000000000;0
1135;1622846700000;0.000512000000000;0.000512000000000;0.000512000000000;0.000512000000000;0.000000000000000;1622847599999;0.000000000000000;0;0.000000000000000;0.000000000000000;0
1136;1622847600000;0.000514000000000;0.000514000000000;0.000510000000000;0.000510000000000;3549.000000000000000;1622848499999;1.816968000000000;17;1890.000000000000000;0.970484000000000;0
1137;1622848500000;0.000508000000000;0.000510000000000;0.000508000000000;0.000510000000000;1396.000000000000000;1622849399999;0.709964000000000;6;398.000000000000000;0.202980000000000;0
1138;1622849400000;0.000512000000000;0.000514000000000;0.000510000000000;0.000510000000000;2220.000000000000000;1622850299999;1.137330000000000;10;1585.000000000000000;0.813002000000000;0
1139;1622850300000;0.000512000000000;0.000512000000000;0.000512000000000;0.000512000000000;198.000000000000000;1622851199999;0.101376000000000;1;198.000000000000000;0.101376000000000;0
1140;1622852100000;0.000515000000000;0.000519000000000;0.000513000000000;0.000515000000000;2968.000000000000000;1622852999999;1.529202000000000;11;959.000000000000000;0.495409000000000;0
1141;1622853000000;0.000517000000000;0.000518000000000;0.000510000000000;0.000510000000000;2728.000000000000000;1622853899999;1.398825000000000;14;481.000000000000000;0.248962000000000;0
1142;1622853900000;0.000508000000000;0.000512000000000;0.000506000000000;0.000506000000000;2552.000000000000000;1622854799999;1.296172000000000;18;470.000000000000000;0.240107000000000;0
1143;1622854800000;0.000509000000000;0.000513000000000;0.000509000000000;0.000510000000000;1555.000000000000000;1622855699999;0.794205000000000;6;1357.000000000000000;0.693225000000000;0
1144;1622855700000;0.000510000000000;0.000510000000000;0.000510000000000;0.000510000000000;0.000000000000000;1622856599999;0.000000000000000;0;0.000000000000000;0.000000000000000;0
1145;1622856600000;0.000512000000000;0.000515000000000;0.000508000000000;0.000508000000000;118340.000000000000000;1622857499999;60.807595999999997;19;12350.000000000000000;6.316737000000000;0
1146;1622857500000;0.000507000000000;0.000509000000000;0.000505000000000;0.000509000000000;8646.000000000000000;1622858399999;4.383750000000000;13;3140.000000000000000;1.592738000000000;0
1147;1622858400000;0.000510000000000;0.000511000000000;0.000510000000000;0.000510000000000;1614.000000000000000;1622859299999;0.823170000000000;4;1614.000000000000000;0.823170000000000;0
1148;1622859300000;0.000510000000000;0.000510000000000;0.000510000000000;0.000510000000000;0.000000000000000;1622860199999;0.000000000000000;0;0.000000000000000;0.000000000000000;0
1149;1622860200000;0.000508000000000;0.000508000000000;0.000507000000000;0.000507000000000;398.000000000000000;1622861099999;0.201985000000000;2;0.000000000000000;0.000000000000000;0
1150;1622861100000;0.000507000000000;0.000508000000000;0.000507000000000;0.000508000000000;12058.000000000000000;1622861999999;6.125355000000000;4;11949.000000000000000;6.070092000000000;0
1151;1622862000000;0.000509000000000;0.000509000000000;0.000506000000000;0.000506000000000;273.000000000000000;1622862899999;0.138537000000000;2;133.000000000000000;0.067697000000000;0
1152;1622862900000;0.000505000000000;0.000505000000000;0.000505000000000;0.000505000000000;805.000000000000000;1622863799999;0.406525000000000;6;0.000000000000000;0.000000000000000;0
1153;1622863800000;0.000504000000000;0.000504000000000;0.000504000000000;0.000504000000000;2022.000000000000000;1622864699999;1.019088000000000;5;0.000000000000000;0.000000000000000;0
1154;1622864700000;0.000505000000000;0.000507000000000;0.000505000000000;0.000507000000000;1080.000000000000000;1622865599999;0.546001000000000;4;401.000000000000000;0.203106000000000;0
1155;1622865600000;0.000505000000000;0.000505000000000;0.000504000000000;0.000504000000000;719.000000000000000;1622866499999;0.362576000000000;5;0.000000000000000;0.000000000000000;0
1156;1622866500000;0.000503000000000;0.000504000000000;0.000502000000000;0.000502000000000;2151.000000000000000;1622867399999;1.081138000000000;12;201.000000000000000;0.101304000000000;0
1157;1622867400000;0.000506000000000;0.000506000000000;0.000502000000000;0.000506000000000;1842.000000000000000;1622868299999;0.930826000000000;7;1435.000000000000000;0.726110000000000;0
1158;1622868300000;0.000507000000000;0.000507000000000;0.000504000000000;0.000504000000000;4465.000000000000000;1622869199999;2.257061000000000;8;2234.000000000000000;1.132437000000000;0
1159;1622869200000;0.000503000000000;0.000504000000000;0.000502000000000;0.000504000000000;2606.000000000000000;1622870099999;1.309067000000000;11;201.000000000000000;0.101304000000000;0
1160;1622870100000;0.000503000000000;0.000503000000000;0.000501000000000;0.000501000000000;1122.000000000000000;1622870999999;0.563617000000000;5;173.000000000000000;0.087019000000000;0
1161;1622871000000;0.000501000000000;0.000501000000000;0.000501000000000;0.000501000000000;1390.000000000000000;1622871899999;0.696390000000000;9;0.000000000000000;0.000000000000000;0
1162;1622871900000;0.000504000000000;0.000506000000000;0.000502000000000;0.000506000000000;56050.000000000000000;1622872799999;28.200716000000000;14;14079.000000000000000;7.083408000000000;0
1163;1622872800000;0.000503000000000;0.000506000000000;0.000502000000000;0.000502000000000;1396.000000000000000;1622873699999;0.701810000000000;4;31.000000000000000;0.015686000000000;0
1164;1622873700000;0.000504000000000;0.000504000000000;0.000500000000000;0.000504000000000;2090.000000000000000;1622874599999;1.046874000000000;15;431.000000000000000;0.216820000000000;0
1165;1622874600000;0.000504000000000;0.000504000000000;0.000497000000000;0.000501000000000;1664.000000000000000;1622875499999;0.831042000000000;14;131.000000000000000;0.065928000000000;0
1166;1622875500000;0.000499000000000;0.000499000000000;0.000496000000000;0.000496000000000;716.000000000000000;1622876399999;0.355941000000000;6;0.000000000000000;0.000000000000000;0
1167;1622876400000;0.000496000000000;0.000504000000000;0.000496000000000;0.000501000000000;3111.000000000000000;1622877299999;1.557502000000000;17;1832.000000000000000;0.919063000000000;0
1168;1622877300000;0.000499000000000;0.000501000000000;0.000497000000000;0.000498000000000;896.000000000000000;1622878199999;0.446436000000000;7;231.000000000000000;0.115325000000000;0
1169;1622878200000;0.000501000000000;0.000501000000000;0.000498000000000;0.000501000000000;9820.000000000000000;1622879099999;4.918210000000000;10;9170.000000000000000;4.594042000000000;0
1170;1622879100000;0.000499000000000;0.000499000000000;0.000498000000000;0.000498000000000;936.000000000000000;1622879999999;0.466596000000000;4;0.000000000000000;0.000000000000000;0
1171;1622880000000;0.000501000000000;0.000501000000000;0.000501000000000;0.000501000000000;203.000000000000000;1622880899999;0.101703000000000;1;203.000000000000000;0.101703000000000;0
1172;1622880900000;0.000499000000000;0.000499000000000;0.000496000000000;0.000498000000000;7218.000000000000000;1622881799999;3.587971000000000;18;611.000000000000000;0.304481000000000;0
1173;1622881800000;0.000497000000000;0.000498000000000;0.000496000000000;0.000498000000000;1146.000000000000000;1622882699999;0.569295000000000;5;204.000000000000000;0.101592000000000;0
1174;1622882700000;0.000496000000000;0.000498000000000;0.000496000000000;0.000496000000000;5931.000000000000000;1622883599999;2.942184000000000;5;204.000000000000000;0.101592000000000;0
1175;1622883600000;0.000497000000000;0.000499000000000;0.000496000000000;0.000496000000000;1396.000000000000000;1622884499999;0.693968000000000;6;203.000000000000000;0.101297000000000;0
1176;1622884500000;0.000498000000000;0.000499000000000;0.000496000000000;0.000499000000000;825.000000000000000;1622885399999;0.410058000000000;4;354.000000000000000;0.176442000000000;0
1177;1622885400000;0.000496000000000;0.000496000000000;0.000495000000000;0.000495000000000;1474.000000000000000;1622886299999;0.730125000000000;9;0.000000000000000;0.000000000000000;0
1178;1622886300000;0.000498000000000;0.000503000000000;0.000493000000000;0.000493000000000;23536.000000000000000;1622887199999;11.739125000000000;24;21482.000000000000000;10.720526000000000;0
1179;1622887200000;0.000493000000000;0.000494000000000;0.000489000000000;0.000494000000000;15479.000000000000000;1622888099999;7.612694000000000;25;3252.000000000000000;1.605804000000000;0
1180;1622888100000;0.000490000000000;0.000490000000000;0.000490000000000;0.000490000000000;892.000000000000000;1622888999999;0.437080000000000;2;0.000000000000000;0.000000000000000;0
1181;1622889000000;0.000490000000000;0.000490000000000;0.000490000000000;0.000490000000000;0.000000000000000;1622889899999;0.000000000000000;0;0.000000000000000;0.000000000000000;0
1182;1622889900000;0.000497000000000;0.000497000000000;0.000492000000000;0.000492000000000;853.000000000000000;1622890799999;0.421456000000000;4;356.000000000000000;0.176932000000000;0
1183;1622890800000;0.000494000000000;0.000494000000000;0.000493000000000;0.000493000000000;6779.000000000000000;1622891699999;3.342399000000000;3;0.000000000000000;0.000000000000000;0
1184;1622891700000;0.000498000000000;0.000502000000000;0.000497000000000;0.000501000000000;2529.000000000000000;1622892599999;1.263199000000000;13;1421.000000000000000;0.710699000000000;0
1185;1622892600000;0.000502000000000;0.000502000000000;0.000497000000000;0.000499000000000;6624.000000000000000;1622893499999;3.315803000000000;10;3059.000000000000000;1.535009000000000;0
1186;1622893500000;0.000501000000000;0.000502000000000;0.000497000000000;0.000497000000000;837.000000000000000;1622894399999;0.418823000000000;5;405.000000000000000;0.203107000000000;0
1187;1622894400000;0.000497000000000;0.000501000000000;0.000495000000000;0.000499000000000;4024.000000000000000;1622895299999;2.009400000000000;8;3312.000000000000000;1.655592000000000;0
1188;1622895300000;0.000501000000000;0.000501000000000;0.000495000000000;0.000495000000000;1128.000000000000000;1622896199999;0.561078000000000;6;216.000000000000000;0.108216000000000;0
1189;1622896200000;0.000498000000000;0.000499000000000;0.000496000000000;0.000496000000000;9726.000000000000000;1622897099999;4.852052000000000;6;9319.000000000000000;4.649977000000000;0
1190;1622897100000;0.000494000000000;0.000494000000000;0.000494000000000;0.000494000000000;503.000000000000000;1622897999999;0.248482000000000;3;0.000000000000000;0.000000000000000;0
1191;1622898000000;0.000494000000000;0.000498000000000;0.000493000000000;0.000496000000000;3219.000000000000000;1622898899999;1.589016000000000;11;629.000000000000000;0.312146000000000;0
1192;1622898900000;0.000497000000000;0.000497000000000;0.000491000000000;0.000491000000000;1011.000000000000000;1622899799999;0.499425000000000;5;504.000000000000000;0.250488000000000;0
1193;1622899800000;0.000497000000000;0.000497000000000;0.000497000000000;0.000497000000000;737.000000000000000;1622900699999;0.366289000000000;1;737.000000000000000;0.366289000000000;0
1194;1622900700000;0.000491000000000;0.000491000000000;0.000490000000000;0.000490000000000;511.000000000000000;1622901599999;0.250526000000000;3;0.000000000000000;0.000000000000000;0
1195;1622901600000;0.000490000000000;0.000490000000000;0.000490000000000;0.000490000000000;305.000000000000000;1622902499999;0.149450000000000;1;0.000000000000000;0.000000000000000;0
1196;1622902500000;0.000490000000000;0.000490000000000;0.000490000000000;0.000490000000000;0.000000000000000;1622903399999;0.000000000000000;0;0.000000000000000;0.000000000000000;0
1197;1622903400000;0.000490000000000;0.000490000000000;0.000490000000000;0.000490000000000;0.000000000000000;1622904299999;0.000000000000000;0;0.000000000000000;0.000000000000000;0
1198;1622904300000;0.000490000000000;0.000490000000000;0.000490000000000;0.000490000000000;0.000000000000000;1622905199999;0.000000000000000;0;0.000000000000000;0.000000000000000;0
1199;1622905200000;0.000489000000000;0.000489000000000;0.000489000000000;0.000489000000000;1124.000000000000000;1622906099999;0.549636000000000;1;0.000000000000000;0.000000000000000;0
1200;1622906100000;0.000488000000000;0.000494000000000;0.000488000000000;0.000488000000000;7107.000000000000000;1622906999999;3.486062000000000;6;3352.000000000000000;1.653622000000000;0
1201;1622907000000;0.000488000000000;0.000488000000000;0.000488000000000;0.000488000000000;0.000000000000000;1622907899999;0.000000000000000;0;0.000000000000000;0.000000000000000;0
1202;1622907900000;0.000493000000000;0.000493000000000;0.000488000000000;0.000489000000000;2017.000000000000000;1622908799999;0.991944000000000;5;785.000000000000000;0.387005000000000;0
1203;1622908800000;0.000490000000000;0.000490000000000;0.000490000000000;0.000490000000000;892.000000000000000;1622909699999;0.437080000000000;1;0.000000000000000;0.000000000000000;0
1204;1622909700000;0.000490000000000;0.000490000000000;0.000490000000000;0.000490000000000;0.000000000000000;1622910599999;0.000000000000000;0;0.000000000000000;0.000000000000000;0
1205;1622910600000;0.000498000000000;0.000499000000000;0.000496000000000;0.000499000000000;815.000000000000000;1622911499999;0.405665000000000;4;611.000000000000000;0.304481000000000;0
1206;1622911500000;0.000497000000000;0.000497000000000;0.000496000000000;0.000496000000000;407.000000000000000;1622912399999;0.202075000000000;2;0.000000000000000;0.000000000000000;0
1207;1622912400000;0.000496000000000;0.000496000000000;0.000496000000000;0.000496000000000;112.000000000000000;1622913299999;0.055552000000000;1;112.000000000000000;0.055552000000000;0
1208;1622913300000;0.000492000000000;0.000492000000000;0.000492000000000;0.000492000000000;188.000000000000000;1622914199999;0.092496000000000;2;0.000000000000000;0.000000000000000;0
1209;1622914200000;0.000492000000000;0.000492000000000;0.000492000000000;0.000492000000000;0.000000000000000;1622915099999;0.000000000000000;0;0.000000000000000;0.000000000000000;0
1210;1622915100000;0.000493000000000;0.000493000000000;0.000493000000000;0.000493000000000;784.000000000000000;1622915999999;0.386512000000000;1;0.000000000000000;0.000000000000000;0
1211;1622916000000;0.000493000000000;0.000493000000000;0.000493000000000;0.000493000000000;790.000000000000000;1622916899999;0.389470000000000;3;0.000000000000000;0.000000000000000;0
1212;1622916900000;0.000494000000000;0.000494000000000;0.000494000000000;0.000494000000000;1570.000000000000000;1622917799999;0.775580000000000;1;0.000000000000000;0.000000000000000;0
1213;1622917800000;0.000494000000000;0.000494000000000;0.000494000000000;0.000494000000000;0.000000000000000;1622918699999;0.000000000000000;0;0.000000000000000;0.000000000000000;0
1214;1622918700000;0.000494000000000;0.000494000000000;0.000494000000000;0.000494000000000;1257.000000000000000;1622919599999;0.620958000000000;1;0.000000000000000;0.000000000000000;0
1215;1622919600000;0.000493000000000;0.000493000000000;0.000493000000000;0.000493000000000;176.000000000000000;1622920499999;0.086768000000000;1;0.000000000000000;0.000000000000000;0
1216;1622920500000;0.000498000000000;0.000498000000000;0.000498000000000;0.000498000000000;204.000000000000000;1622921399999;0.101592000000000;2;204.000000000000000;0.101592000000000;0
1217;1622921400000;0.000499000000000;0.000499000000000;0.000497000000000;0.000497000000000;406.000000000000000;1622922299999;0.202188000000000;2;203.000000000000000;0.101297000000000;0
1218;1622922300000;0.000496000000000;0.000496000000000;0.000496000000000;0.000496000000000;204.000000000000000;1622923199999;0.101184000000000;1;0.000000000000000;0.000000000000000;0
1219;1622923200000;0.000498000000000;0.000498000000000;0.000498000000000;0.000498000000000;204.000000000000000;1622924099999;0.101592000000000;1;204.000000000000000;0.101592000000000;0
1220;1622924100000;0.000499000000000;0.000499000000000;0.000499000000000;0.000499000000000;203.000000000000000;1622924999999;0.101297000000000;1;203.000000000000000;0.101297000000000;0
1221;1622925000000;0.000499000000000;0.000499000000000;0.000499000000000;0.000499000000000;529.000000000000000;1622925899999;0.263971000000000;1;529.000000000000000;0.263971000000000;0
1222;1622925900000;0.000499000000000;0.000499000000000;0.000499000000000;0.000499000000000;0.000000000000000;1622926799999;0.000000000000000;0;0.000000000000000;0.000000000000000;0
1223;1622926800000;0.000497000000000;0.000497000000000;0.000496000000000;0.000496000000000;821.000000000000000;1622927699999;0.407419000000000;5;0.000000000000000;0.000000000000000;0
1224;1622927700000;0.000498000000000;0.000501000000000;0.000497000000000;0.000499000000000;1342.000000000000000;1622928599999;0.669331000000000;7;936.000000000000000;0.467143000000000;0
1225;1622928600000;0.000497000000000;0.000499000000000;0.000494000000000;0.000494000000000;1178.000000000000000;1622929499999;0.584811000000000;7;203.000000000000000;0.101297000000000;0
1226;1622929500000;0.000494000000000;0.000494000000000;0.000494000000000;0.000494000000000;0.000000000000000;1622930399999;0.000000000000000;0;0.000000000000000;0.000000000000000;0
1227;1622930400000;0.000492000000000;0.000496000000000;0.000488000000000;0.000493000000000;63130.000000000000000;1622931299999;31.153818000000001;21;17216.000000000000000;8.515829000000000;0
1228;1622931300000;0.000493000000000;0.000493000000000;0.000493000000000;0.000493000000000;0.000000000000000;1622932199999;0.000000000000000;0;0.000000000000000;0.000000000000000;0
1229;1622932200000;0.000491000000000;0.000491000000000;0.000489000000000;0.000490000000000;8332.000000000000000;1622933099999;4.090159000000000;7;0.000000000000000;0.000000000000000;0
1230;1622933100000;0.000488000000000;0.000488000000000;0.000488000000000;0.000488000000000;797.000000000000000;1622933999999;0.388936000000000;2;0.000000000000000;0.000000000000000;0
1231;1622934000000;0.000487000000000;0.000487000000000;0.000487000000000;0.000487000000000;479.000000000000000;1622934899999;0.233273000000000;5;0.000000000000000;0.000000000000000;0
1232;1622934900000;0.000490000000000;0.000490000000000;0.000490000000000;0.000490000000000;29.000000000000000;1622935799999;0.014210000000000;1;29.000000000000000;0.014210000000000;0
1233;1622935800000;0.000490000000000;0.000490000000000;0.000490000000000;0.000490000000000;4830.000000000000000;1622936699999;2.366700000000000;3;2415.000000000000000;1.183350000000000;0
1234;1622936700000;0.000487000000000;0.000487000000000;0.000487000000000;0.000487000000000;599.000000000000000;1622937599999;0.291713000000000;5;0.000000000000000;0.000000000000000;0
1235;1622938500000;0.000485000000000;0.000485000000000;0.000485000000000;0.000485000000000;0.000000000000000;1622939399999;0.000000000000000;0;0.000000000000000;0.000000000000000;0
1236;1622939400000;0.000485000000000;0.000485000000000;0.000485000000000;0.000485000000000;0.000000000000000;1622940299999;0.000000000000000;0;0.000000000000000;0.000000000000000;0
1237;1622940300000;0.000485000000000;0.000485000000000;0.000485000000000;0.000485000000000;0.000000000000000;1622941199999;0.000000000000000;0;0.000000000000000;0.000000000000000;0
1238;1622941200000;0.000485000000000;0.000485000000000;0.000485000000000;0.000485000000000;0.000000000000000;1622942099999;0.000000000000000;0;0.000000000000000;0.000000000000000;0
1239;1622942100000;0.000485000000000;0.000485000000000;0.000485000000000;0.000485000000000;0.000000000000000;1622942999999;0.000000000000000;0;0.000000000000000;0.000000000000000;0
1240;1622943000000;0.000485000000000;0.000485000000000;0.000485000000000;0.000485000000000;0.000000000000000;1622943899999;0.000000000000000;0;0.000000000000000;0.000000000000000;0
1241;1622943900000;0.000485000000000;0.000485000000000;0.000485000000000;0.000485000000000;0.000000000000000;1622944799999;0.000000000000000;0;0.000000000000000;0.000000000000000;0
1242;1622944800000;0.000485000000000;0.000485000000000;0.000485000000000;0.000485000000000;0.000000000000000;1622945699999;0.000000000000000;0;0.000000000000000;0.000000000000000;0
1243;1622945700000;0.000485000000000;0.000485000000000;0.000485000000000;0.000485000000000;0.000000000000000;1622946599999;0.000000000000000;0;0.000000000000000;0.000000000000000;0
1244;1622946600000;0.000485000000000;0.000488000000000;0.000485000000000;0.000488000000000;1737.000000000000000;1622947499999;0.846828000000000;4;1461.000000000000000;0.712968000000000;0
1245;1622947500000;0.000490000000000;0.000490000000000;0.000490000000000;0.000490000000000;31.000000000000000;1622948399999;0.015190000000000;1;31.000000000000000;0.015190000000000;0
1246;1622948400000;0.000490000000000;0.000490000000000;0.000490000000000;0.000490000000000;0.000000000000000;1622949299999;0.000000000000000;0;0.000000000000000;0.000000000000000;0
1247;1622949300000;0.000493000000000;0.000493000000000;0.000493000000000;0.000493000000000;1616.000000000000000;1622950199999;0.796688000000000;2;1616.000000000000000;0.796688000000000;0
1248;1622950200000;0.000493000000000;0.000493000000000;0.000493000000000;0.000493000000000;0.000000000000000;1622951099999;0.000000000000000;0;0.000000000000000;0.000000000000000;0
1249;1622951100000;0.000493000000000;0.000493000000000;0.000493000000000;0.000493000000000;0.000000000000000;1622951999999;0.000000000000000;0;0.000000000000000;0.000000000000000;0
1250;1622952000000;0.000493000000000;0.000493000000000;0.000493000000000;0.000493000000000;0.000000000000000;1622952899999;0.000000000000000;0;0.000000000000000;0.000000000000000;0
1251;1622952900000;0.000493000000000;0.000493000000000;0.000493000000000;0.000493000000000;120.000000000000000;1622953799999;0.059160000000000;1;120.000000000000000;0.059160000000000;0
1252;1622953800000;0.000493000000000;0.000493000000000;0.000493000000000;0.000493000000000;0.000000000000000;1622954699999;0.000000000000000;0;0.000000000000000;0.000000000000000;0
1253;1622954700000;0.000493000000000;0.000493000000000;0.000493000000000;0.000493000000000;0.000000000000000;1622955599999;0.000000000000000;0;0.000000000000000;0.000000000000000;0
1254;1622955600000;0.000493000000000;0.000493000000000;0.000493000000000;0.000493000000000;0.000000000000000;1622956499999;0.000000000000000;0;0.000000000000000;0.000000000000000;0
1255;1622956500000;0.000493000000000;0.000493000000000;0.000493000000000;0.000493000000000;0.000000000000000;1622957399999;0.000000000000000;0;0.000000000000000;0.000000000000000;0
1256;1622957400000;0.000493000000000;0.000493000000000;0.000493000000000;0.000493000000000;0.000000000000000;1622958299999;0.000000000000000;0;0.000000000000000;0.000000000000000;0
1257;1622958300000;0.000494000000000;0.000494000000000;0.000494000000000;0.000494000000000;4867.000000000000000;1622959199999;2.404298000000000;1;0.000000000000000;0.000000000000000;0
1258;1622959200000;0.000494000000000;0.000494000000000;0.000494000000000;0.000494000000000;196.000000000000000;1622960099999;0.096824000000000;1;0.000000000000000;0.000000000000000;0
1259;1622960100000;0.000493000000000;0.000493000000000;0.000491000000000;0.000491000000000;5664.000000000000000;1622960999999;2.791196000000000;8;4867.000000000000000;2.399431000000000;0
1260;1622961000000;0.000494000000000;0.000494000000000;0.000494000000000;0.000494000000000;6955.000000000000000;1622961899999;3.435770000000000;2;6955.000000000000000;3.435770000000000;0
1261;1622961900000;0.000498000000000;0.000498000000000;0.000498000000000;0.000498000000000;204.000000000000000;1622962799999;0.101592000000000;1;204.000000000000000;0.101592000000000;0
1262;1622962800000;0.000499000000000;0.000502000000000;0.000499000000000;0.000499000000000;1386.000000000000000;1622963699999;0.693697000000000;7;981.000000000000000;0.491400000000000;0
1263;1622963700000;0.000497000000000;0.000499000000000;0.000497000000000;0.000499000000000;406.000000000000000;1622964599999;0.202188000000000;2;203.000000000000000;0.101297000000000;0
1264;1622964600000;0.000499000000000;0.000503000000000;0.000499000000000;0.000503000000000;735.000000000000000;1622965499999;0.368589000000000;4;608.000000000000000;0.305216000000000;0
1265;1622965500000;0.000501000000000;0.000501000000000;0.000501000000000;0.000501000000000;1284.000000000000000;1622966399999;0.643284000000000;1;0.000000000000000;0.000000000000000;0
1266;1622966400000;0.000501000000000;0.000501000000000;0.000501000000000;0.000501000000000;128.000000000000000;1622967299999;0.064128000000000;1;128.000000000000000;0.064128000000000;0
1267;1622967300000;0.000500000000000;0.000503000000000;0.000500000000000;0.000503000000000;699.000000000000000;1622968199999;0.350402000000000;3;536.000000000000000;0.268902000000000;0
1268;1622968200000;0.000502000000000;0.000502000000000;0.000502000000000;0.000502000000000;101.000000000000000;1622969099999;0.050702000000000;1;101.000000000000000;0.050702000000000;0
1269;1622969100000;0.000502000000000;0.000502000000000;0.000500000000000;0.000502000000000;1609.000000000000000;1622969999999;0.807274000000000;6;1387.000000000000000;0.696274000000000;0
1270;1622970000000;0.000502000000000;0.000502000000000;0.000502000000000;0.000502000000000;0.000000000000000;1622970899999;0.000000000000000;0;0.000000000000000;0.000000000000000;0
1271;1622970900000;0.000502000000000;0.000502000000000;0.000502000000000;0.000502000000000;0.000000000000000;1622971799999;0.000000000000000;0;0.000000000000000;0.000000000000000;0
1272;1622971800000;0.000501000000000;0.000501000000000;0.000501000000000;0.000501000000000;1490.000000000000000;1622972699999;0.746490000000000;2;0.000000000000000;0.000000000000000;0
1273;1622972700000;0.000501000000000;0.000501000000000;0.000501000000000;0.000501000000000;419.000000000000000;1622973599999;0.209919000000000;1;0.000000000000000;0.000000000000000;0
1274;1622973600000;0.000500000000000;0.000500000000000;0.000497000000000;0.000497000000000;608.000000000000000;1622974499999;0.303188000000000;3;0.000000000000000;0.000000000000000;0
1275;1622974500000;0.000499000000000;0.000501000000000;0.000496000000000;0.000496000000000;2763.000000000000000;1622975399999;1.377205000000000;11;1693.000000000000000;0.845213000000000;0
1276;1622975400000;0.000496000000000;0.000496000000000;0.000496000000000;0.000496000000000;0.000000000000000;1622976299999;0.000000000000000;0;0.000000000000000;0.000000000000000;0
1277;1622976300000;0.000496000000000;0.000496000000000;0.000496000000000;0.000496000000000;0.000000000000000;1622977199999;0.000000000000000;0;0.000000000000000;0.000000000000000;0
1278;1622977200000;0.000496000000000;0.000496000000000;0.000496000000000;0.000496000000000;0.000000000000000;1622978099999;0.000000000000000;0;0.000000000000000;0.000000000000000;0
1279;1622978100000;0.000493000000000;0.000493000000000;0.000493000000000;0.000493000000000;676.000000000000000;1622978999999;0.333268000000000;5;0.000000000000000;0.000000000000000;0
1280;1622979000000;0.000491000000000;0.000491000000000;0.000491000000000;0.000491000000000;396.000000000000000;1622979899999;0.194436000000000;4;0.000000000000000;0.000000000000000;0
1281;1622979900000;0.000491000000000;0.000491000000000;0.000491000000000;0.000491000000000;0.000000000000000;1622980799999;0.000000000000000;0;0.000000000000000;0.000000000000000;0
1282;1622980800000;0.000492000000000;0.000492000000000;0.000492000000000;0.000492000000000;313.000000000000000;1622981699999;0.153996000000000;1;0.000000000000000;0.000000000000000;0
1283;1622981700000;0.000492000000000;0.000492000000000;0.000492000000000;0.000492000000000;113.000000000000000;1622982599999;0.055596000000000;1;113.000000000000000;0.055596000000000;0
1284;1622982600000;0.000496000000000;0.000496000000000;0.000496000000000;0.000496000000000;114.000000000000000;1622983499999;0.056544000000000;1;114.000000000000000;0.056544000000000;0
1285;1622983500000;0.000496000000000;0.000496000000000;0.000496000000000;0.000496000000000;120.000000000000000;1622984399999;0.059520000000000;1;120.000000000000000;0.059520000000000;0
1286;1622984400000;0.000498000000000;0.000501000000000;0.000498000000000;0.000501000000000;610.000000000000000;1622985299999;0.304592000000000;3;610.000000000000000;0.304592000000000;0
1287;1622985300000;0.000499000000000;0.000499000000000;0.000499000000000;0.000499000000000;203.000000000000000;1622986199999;0.101297000000000;1;0.000000000000000;0.000000000000000;0
1288;1622986200000;0.000499000000000;0.000499000000000;0.000499000000000;0.000499000000000;119.000000000000000;1622987099999;0.059381000000000;1;119.000000000000000;0.059381000000000;0
1289;1622987100000;0.000499000000000;0.000502000000000;0.000499000000000;0.000502000000000;2311.000000000000000;1622987999999;1.157001000000000;6;1405.000000000000000;0.703107000000000;0
1290;1622988000000;0.000502000000000;0.000502000000000;0.000502000000000;0.000502000000000;0.000000000000000;1622988899999;0.000000000000000;0;0.000000000000000;0.000000000000000;0
1291;1622988900000;0.000500000000000;0.000502000000000;0.000499000000000;0.000502000000000;538.000000000000000;1622989799999;0.269270000000000;3;202.000000000000000;0.101404000000000;0
1292;1622989800000;0.000502000000000;0.000502000000000;0.000499000000000;0.000499000000000;595.000000000000000;1622990699999;0.297704000000000;4;0.000000000000000;0.000000000000000;0
1293;1622990700000;0.000499000000000;0.000499000000000;0.000499000000000;0.000499000000000;0.000000000000000;1622991599999;0.000000000000000;0;0.000000000000000;0.000000000000000;0
1294;1622991600000;0.000497000000000;0.000500000000000;0.000497000000000;0.000500000000000;846.000000000000000;1622992499999;0.421947000000000;4;643.000000000000000;0.321056000000000;0
1295;1622992500000;0.000501000000000;0.000505000000000;0.000501000000000;0.000505000000000;1788.000000000000000;1622993399999;0.900994000000000;9;1788.000000000000000;0.900994000000000;0
1296;1622993400000;0.000505000000000;0.000511000000000;0.000502000000000;0.000510000000000;64887.000000000000000;1622994299999;32.736038999999998;32;25862.000000000000000;13.090481000000000;0
1297;1622994300000;0.000510000000000;0.000517000000000;0.000506000000000;0.000508000000000;38037.000000000000000;1622995199999;19.398461999999999;40;17117.000000000000000;8.768024000000000;0
1298;1622995200000;0.000506000000000;0.000506000000000;0.000501000000000;0.000501000000000;1352.000000000000000;1622996099999;0.680131000000000;7;0.000000000000000;0.000000000000000;0
1299;1622996100000;0.000502000000000;0.000502000000000;0.000501000000000;0.000501000000000;10987.000000000000000;1622996999999;5.510127000000000;3;10987.000000000000000;5.510127000000000;0
1300;1622997000000;0.000501000000000;0.000502000000000;0.000501000000000;0.000502000000000;5368.000000000000000;1622997899999;2.691245000000000;5;1877.000000000000000;0.942254000000000;0
1301;1622997900000;0.000501000000000;0.000501000000000;0.000501000000000;0.000501000000000;734.000000000000000;1622998799999;0.367734000000000;1;0.000000000000000;0.000000000000000;0
1302;1622998800000;0.000500000000000;0.000500000000000;0.000500000000000;0.000500000000000;202.000000000000000;1622999699999;0.101000000000000;2;0.000000000000000;0.000000000000000;0
1303;1622999700000;0.000499000000000;0.000499000000000;0.000499000000000;0.000499000000000;203.000000000000000;1623000599999;0.101297000000000;1;0.000000000000000;0.000000000000000;0
1304;1623000600000;0.000498000000000;0.000501000000000;0.000498000000000;0.000501000000000;1873.000000000000000;1623001499999;0.935115000000000;5;787.000000000000000;0.394287000000000;0
1305;1623001500000;0.000499000000000;0.000502000000000;0.000498000000000;0.000500000000000;1326.000000000000000;1623002399999;0.662610000000000;5;405.000000000000000;0.203107000000000;0
1306;1623002400000;0.000500000000000;0.000500000000000;0.000500000000000;0.000500000000000;0.000000000000000;1623003299999;0.000000000000000;0;0.000000000000000;0.000000000000000;0
1307;1623003300000;0.000500000000000;0.000500000000000;0.000500000000000;0.000500000000000;0.000000000000000;1623004199999;0.000000000000000;0;0.000000000000000;0.000000000000000;0
1308;1623004200000;0.000504000000000;0.000504000000000;0.000504000000000;0.000504000000000;7312.000000000000000;1623005099999;3.685248000000000;3;7312.000000000000000;3.685248000000000;0
1309;1623005100000;0.000506000000000;0.000507000000000;0.000506000000000;0.000507000000000;3607.000000000000000;1623005999999;1.828548000000000;3;3607.000000000000000;1.828548000000000;0
1310;1623006000000;0.000510000000000;0.000511000000000;0.000503000000000;0.000506000000000;12023.000000000000000;1623006899999;6.075852000000000;8;3705.000000000000000;1.890702000000000;0
1311;1623006900000;0.000504000000000;0.000504000000000;0.000502000000000;0.000502000000000;8157.000000000000000;1623007799999;4.099192000000000;6;0.000000000000000;0.000000000000000;0
1312;1623007800000;0.000500000000000;0.000500000000000;0.000500000000000;0.000500000000000;202.000000000000000;1623008699999;0.101000000000000;1;0.000000000000000;0.000000000000000;0
1313;1623008700000;0.000499000000000;0.000499000000000;0.000499000000000;0.000499000000000;490.000000000000000;1623009599999;0.244510000000000;3;0.000000000000000;0.000000000000000;0
1314;1623009600000;0.000501000000000;0.000501000000000;0.000497000000000;0.000499000000000;1855.000000000000000;1623010499999;0.925579000000000;7;802.000000000000000;0.401396000000000;0
1315;1623010500000;0.000499000000000;0.000499000000000;0.000499000000000;0.000499000000000;0.000000000000000;1623011399999;0.000000000000000;0;0.000000000000000;0.000000000000000;0
1316;1623011400000;0.000497000000000;0.000497000000000;0.000497000000000;0.000497000000000;203.000000000000000;1623012299999;0.100891000000000;1;0.000000000000000;0.000000000000000;0
1317;1623012300000;0.000499000000000;0.000499000000000;0.000499000000000;0.000499000000000;203.000000000000000;1623013199999;0.101297000000000;1;203.000000000000000;0.101297000000000;0
1318;1623013200000;0.000501000000000;0.000503000000000;0.000501000000000;0.000503000000000;1486.000000000000000;1623014099999;0.746540000000000;5;1486.000000000000000;0.746540000000000;0
1319;1623014100000;0.000504000000000;0.000505000000000;0.000502000000000;0.000504000000000;1675.000000000000000;1623014999999;0.843373000000000;6;975.000000000000000;0.491973000000000;0
1320;1623015000000;0.000504000000000;0.000504000000000;0.000504000000000;0.000504000000000;192.000000000000000;1623015899999;0.096768000000000;1;0.000000000000000;0.000000000000000;0
1321;1623015900000;0.000504000000000;0.000504000000000;0.000504000000000;0.000504000000000;197.000000000000000;1623016799999;0.099288000000000;1;0.000000000000000;0.000000000000000;0
1322;1623016800000;0.000506000000000;0.000506000000000;0.000506000000000;0.000506000000000;35.000000000000000;1623017699999;0.017710000000000;1;35.000000000000000;0.017710000000000;0
1323;1623017700000;0.000506000000000;0.000506000000000;0.000506000000000;0.000506000000000;0.000000000000000;1623018599999;0.000000000000000;0;0.000000000000000;0.000000000000000;0
1324;1623018600000;0.000506000000000;0.000506000000000;0.000502000000000;0.000502000000000;4060.000000000000000;1623019499999;2.053154000000000;4;3658.000000000000000;1.850948000000000;0
1325;1623019500000;0.000500000000000;0.000502000000000;0.000500000000000;0.000502000000000;3856.000000000000000;1623020399999;1.928404000000000;4;202.000000000000000;0.101404000000000;0
1326;1623020400000;0.000504000000000;0.000504000000000;0.000504000000000;0.000504000000000;423.000000000000000;1623021299999;0.213192000000000;3;423.000000000000000;0.213192000000000;0
1327;1623021300000;0.000502000000000;0.000502000000000;0.000502000000000;0.000502000000000;201.000000000000000;1623022199999;0.100902000000000;1;0.000000000000000;0.000000000000000;0
1328;1623022200000;0.000502000000000;0.000502000000000;0.000502000000000;0.000502000000000;0.000000000000000;1623023099999;0.000000000000000;0;0.000000000000000;0.000000000000000;0
1329;1623023100000;0.000502000000000;0.000502000000000;0.000502000000000;0.000502000000000;0.000000000000000;1623023999999;0.000000000000000;0;0.000000000000000;0.000000000000000;0
1330;1623024900000;0.000504000000000;0.000505000000000;0.000504000000000;0.000505000000000;380.000000000000000;1623025799999;0.191699000000000;2;179.000000000000000;0.090395000000000;0
1331;1623025800000;0.000506000000000;0.000511000000000;0.000506000000000;0.000511000000000;10279.000000000000000;1623026699999;5.251121000000000;4;10279.000000000000000;5.251121000000000;0
1332;1623026700000;0.000512000000000;0.000514000000000;0.000509000000000;0.000512000000000;14548.000000000000000;1623027599999;7.462632000000000;11;2215.000000000000000;1.137718000000000;0
1333;1623027600000;0.000510000000000;0.000510000000000;0.000510000000000;0.000510000000000;198.000000000000000;1623028499999;0.100980000000000;1;0.000000000000000;0.000000000000000;0
1334;1623028500000;0.000509000000000;0.000509000000000;0.000509000000000;0.000509000000000;232.000000000000000;1623029399999;0.118088000000000;1;0.000000000000000;0.000000000000000;0
1335;1623029400000;0.000508000000000;0.000509000000000;0.000505000000000;0.000509000000000;550.000000000000000;1623030299999;0.278471000000000;3;31.000000000000000;0.015779000000000;0
1336;1623030300000;0.000504000000000;0.000504000000000;0.000501000000000;0.000504000000000;1381.000000000000000;1623031199999;0.694704000000000;10;201.000000000000000;0.101304000000000;0
1337;1623031200000;0.000506000000000;0.000506000000000;0.000502000000000;0.000504000000000;5809.000000000000000;1623032099999;2.918932000000000;8;5067.000000000000000;2.545644000000000;0
1338;1623032100000;0.000504000000000;0.000504000000000;0.000504000000000;0.000504000000000;324.000000000000000;1623032999999;0.163296000000000;1;324.000000000000000;0.163296000000000;0
1339;1623033000000;0.000504000000000;0.000504000000000;0.000501000000000;0.000501000000000;979.000000000000000;1623033899999;0.491334000000000;6;0.000000000000000;0.000000000000000;0
1340;1623033900000;0.000501000000000;0.000501000000000;0.000501000000000;0.000501000000000;230.000000000000000;1623034799999;0.115230000000000;1;230.000000000000000;0.115230000000000;0
1341;1623034800000;0.000501000000000;0.000501000000000;0.000501000000000;0.000501000000000;0.000000000000000;1623035699999;0.000000000000000;0;0.000000000000000;0.000000000000000;0
1342;1623035700000;0.000501000000000;0.000504000000000;0.000500000000000;0.000504000000000;4631.000000000000000;1623036599999;2.318795000000000;8;4310.000000000000000;2.158176000000000;0
1343;1623036600000;0.000504000000000;0.000504000000000;0.000504000000000;0.000504000000000;0.000000000000000;1623037499999;0.000000000000000;0;0.000000000000000;0.000000000000000;0
1344;1623037500000;0.000505000000000;0.000509000000000;0.000505000000000;0.000509000000000;464.000000000000000;1623038399999;0.234637000000000;3;464.000000000000000;0.234637000000000;0
1345;1623038400000;0.000509000000000;0.000509000000000;0.000504000000000;0.000506000000000;7584.000000000000000;1623039299999;3.847985000000000;6;5125.000000000000000;2.608022000000000;0
1346;1623039300000;0.000506000000000;0.000506000000000;0.000506000000000;0.000506000000000;0.000000000000000;1623040199999;0.000000000000000;0;0.000000000000000;0.000000000000000;0
1347;1623040200000;0.000506000000000;0.000506000000000;0.000506000000000;0.000506000000000;0.000000000000000;1623041099999;0.000000000000000;0;0.000000000000000;0.000000000000000;0
1348;1623041100000;0.000506000000000;0.000506000000000;0.000506000000000;0.000506000000000;0.000000000000000;1623041999999;0.000000000000000;0;0.000000000000000;0.000000000000000;0
1349;1623042000000;0.000510000000000;0.000510000000000;0.000510000000000;0.000510000000000;199.000000000000000;1623042899999;0.101490000000000;1;199.000000000000000;0.101490000000000;0
1350;1623042900000;0.000511000000000;0.000517000000000;0.000511000000000;0.000517000000000;1285.000000000000000;1623043799999;0.659448000000000;6;1285.000000000000000;0.659448000000000;0
1351;1623043800000;0.000519000000000;0.000529000000000;0.000515000000000;0.000526000000000;35864.000000000000000;1623044699999;18.667180999999999;54;18572.000000000000000;9.679185000000000;0
1352;1623044700000;0.000526000000000;0.000531000000000;0.000526000000000;0.000528000000000;29522.000000000000000;1623045599999;15.564150000000000;25;12718.000000000000000;6.694134000000000;0
1353;1623045600000;0.000531000000000;0.000536000000000;0.000528000000000;0.000534000000000;24241.000000000000000;1623046499999;12.870918000000000;42;4814.000000000000000;2.565492000000000;0
1354;1623046500000;0.000532000000000;0.000583000000000;0.000529000000000;0.000530000000000;155405.000000000000000;1623047399999;85.643969999999996;125;139560.000000000000000;77.229237999999995;0
1355;1623047400000;0.000529000000000;0.000532000000000;0.000529000000000;0.000531000000000;6284.000000000000000;1623048299999;3.334828000000000;6;382.000000000000000;0.203033000000000;0
1356;1623048300000;0.000532000000000;0.000535000000000;0.000530000000000;0.000535000000000;34499.000000000000000;1623049199999;18.347584000000001;15;13811.000000000000000;7.345778000000000;0
1357;1623049200000;0.000536000000000;0.000541000000000;0.000533000000000;0.000533000000000;16974.000000000000000;1623050099999;9.100578000000001;33;3780.000000000000000;2.035008000000000;0
1358;1623050100000;0.000532000000000;0.000533000000000;0.000531000000000;0.000531000000000;3097.000000000000000;1623050999999;1.649003000000000;5;0.000000000000000;0.000000000000000;0
1359;1623051000000;0.000530000000000;0.000530000000000;0.000530000000000;0.000530000000000;796.000000000000000;1623051899999;0.421880000000000;4;0.000000000000000;0.000000000000000;0
1360;1623051900000;0.000529000000000;0.000529000000000;0.000529000000000;0.000529000000000;191.000000000000000;1623052799999;0.101039000000000;1;0.000000000000000;0.000000000000000;0
1361;1623052800000;0.000527000000000;0.000527000000000;0.000525000000000;0.000527000000000;1016.000000000000000;1623053699999;0.534616000000000;7;193.000000000000000;0.101711000000000;0
1362;1623053700000;0.000525000000000;0.000527000000000;0.000525000000000;0.000525000000000;579.000000000000000;1623054599999;0.304361000000000;3;193.000000000000000;0.101711000000000;0
1363;1623054600000;0.000527000000000;0.000527000000000;0.000525000000000;0.000525000000000;386.000000000000000;1623055499999;0.203036000000000;2;193.000000000000000;0.101711000000000;0
1364;1623055500000;0.000523000000000;0.000523000000000;0.000522000000000;0.000522000000000;819.000000000000000;1623056399999;0.427711000000000;6;0.000000000000000;0.000000000000000;0
1365;1623056400000;0.000522000000000;0.000522000000000;0.000520000000000;0.000520000000000;1487.000000000000000;1623057299999;0.775826000000000;2;0.000000000000000;0.000000000000000;0
1366;1623057300000;0.000520000000000;0.000520000000000;0.000520000000000;0.000520000000000;0.000000000000000;1623058199999;0.000000000000000;0;0.000000000000000;0.000000000000000;0
1367;1623058200000;0.000519000000000;0.000519000000000;0.000518000000000;0.000518000000000;1237.000000000000000;1623059099999;0.641543000000000;6;0.000000000000000;0.000000000000000;0
1368;1623059100000;0.000517000000000;0.000517000000000;0.000516000000000;0.000516000000000;839.000000000000000;1623059999999;0.433219000000000;7;0.000000000000000;0.000000000000000;0
1369;1623060000000;0.000515000000000;0.000515000000000;0.000513000000000;0.000513000000000;5724.000000000000000;1623060899999;2.941739000000000;16;0.000000000000000;0.000000000000000;0
1370;1623060900000;0.000512000000000;0.000515000000000;0.000512000000000;0.000515000000000;713.000000000000000;1623061799999;0.366041000000000;6;394.000000000000000;0.202713000000000;0
1371;1623061800000;0.000517000000000;0.000517000000000;0.000517000000000;0.000517000000000;196.000000000000000;1623062699999;0.101332000000000;1;196.000000000000000;0.101332000000000;0
1372;1623062700000;0.000517000000000;0.000517000000000;0.000517000000000;0.000517000000000;486.000000000000000;1623063599999;0.251262000000000;2;0.000000000000000;0.000000000000000;0
1373;1623063600000;0.000515000000000;0.000516000000000;0.000515000000000;0.000515000000000;5337.000000000000000;1623064499999;2.751060000000000;6;2636.000000000000000;1.360045000000000;0
1374;1623064500000;0.000513000000000;0.000513000000000;0.000513000000000;0.000513000000000;197.000000000000000;1623065399999;0.101061000000000;1;0.000000000000000;0.000000000000000;0
1375;1623065400000;0.000513000000000;0.000515000000000;0.000510000000000;0.000515000000000;1055.000000000000000;1623066299999;0.541035000000000;6;672.000000000000000;0.345311000000000;0
1376;1623066300000;0.000512000000000;0.000512000000000;0.000510000000000;0.000512000000000;12346.000000000000000;1623067199999;6.297250000000000;6;653.000000000000000;0.333426000000000;0
1377;1623067200000;0.000514000000000;0.000516000000000;0.000514000000000;0.000516000000000;11247.000000000000000;1623068099999;5.802248000000000;6;10955.000000000000000;5.652160000000000;0
1378;1623068100000;0.000513000000000;0.000513000000000;0.000513000000000;0.000513000000000;1064.000000000000000;1623068999999;0.545832000000000;3;732.000000000000000;0.375516000000000;0
1379;1623069000000;0.000512000000000;0.000514000000000;0.000510000000000;0.000510000000000;508.000000000000000;1623069899999;0.259874000000000;4;100.000000000000000;0.051400000000000;0
1380;1623069900000;0.000512000000000;0.000517000000000;0.000512000000000;0.000514000000000;2072.000000000000000;1623070799999;1.065974000000000;8;1059.000000000000000;0.545292000000000;0
1381;1623070800000;0.000517000000000;0.000519000000000;0.000516000000000;0.000517000000000;29495.000000000000000;1623071699999;15.261396000000000;9;13631.000000000000000;7.070433000000000;0
1382;1623071700000;0.000519000000000;0.000519000000000;0.000515000000000;0.000515000000000;1871.000000000000000;1623072599999;0.968570000000000;4;176.000000000000000;0.091344000000000;0
1383;1623072600000;0.000517000000000;0.000517000000000;0.000517000000000;0.000517000000000;627.000000000000000;1623073499999;0.324159000000000;3;547.000000000000000;0.282799000000000;0
1384;1623073500000;0.000519000000000;0.000522000000000;0.000519000000000;0.000520000000000;923.000000000000000;1623074399999;0.480152000000000;5;585.000000000000000;0.304392000000000;0
1385;1623074400000;0.000518000000000;0.000518000000000;0.000518000000000;0.000518000000000;195.000000000000000;1623075299999;0.101010000000000;1;0.000000000000000;0.000000000000000;0
1386;1623075300000;0.000518000000000;0.000518000000000;0.000514000000000;0.000514000000000;26666.000000000000000;1623076199999;13.719730999999999;10;0.000000000000000;0.000000000000000;0
1387;1623076200000;0.000514000000000;0.000516000000000;0.000514000000000;0.000516000000000;8639.000000000000000;1623077099999;4.456924000000000;3;8239.000000000000000;4.251324000000000;0
1388;1623077100000;0.000516000000000;0.000516000000000;0.000513000000000;0.000515000000000;5771.000000000000000;1623077999999;2.971705000000000;5;5574.000000000000000;2.870644000000000;0
1389;1623078000000;0.000515000000000;0.000515000000000;0.000515000000000;0.000515000000000;0.000000000000000;1623078899999;0.000000000000000;0;0.000000000000000;0.000000000000000;0
1390;1623078900000;0.000515000000000;0.000515000000000;0.000515000000000;0.000515000000000;135.000000000000000;1623079799999;0.069525000000000;1;0.000000000000000;0.000000000000000;0
1391;1623079800000;0.000513000000000;0.000514000000000;0.000512000000000;0.000514000000000;527.000000000000000;1623080699999;0.270287000000000;3;133.000000000000000;0.068362000000000;0
1392;1623080700000;0.000511000000000;0.000511000000000;0.000511000000000;0.000511000000000;892.000000000000000;1623081599999;0.455812000000000;2;755.000000000000000;0.385805000000000;0
1393;1623081600000;0.000511000000000;0.000511000000000;0.000511000000000;0.000511000000000;187.000000000000000;1623082499999;0.095557000000000;1;0.000000000000000;0.000000000000000;0
1394;1623082500000;0.000511000000000;0.000511000000000;0.000510000000000;0.000510000000000;4306.000000000000000;1623083399999;2.200168000000000;5;0.000000000000000;0.000000000000000;0
1395;1623083400000;0.000509000000000;0.000509000000000;0.000509000000000;0.000509000000000;3913.000000000000000;1623084299999;1.991717000000000;1;0.000000000000000;0.000000000000000;0
1396;1623084300000;0.000509000000000;0.000509000000000;0.000509000000000;0.000509000000000;0.000000000000000;1623085199999;0.000000000000000;0;0.000000000000000;0.000000000000000;0
1397;1623085200000;0.000509000000000;0.000509000000000;0.000506000000000;0.000506000000000;58760.000000000000000;1623086099999;29.750067000000001;14;144.000000000000000;0.073296000000000;0
1398;1623086100000;0.000509000000000;0.000511000000000;0.000509000000000;0.000511000000000;433.000000000000000;1623086999999;0.220666000000000;4;433.000000000000000;0.220666000000000;0
1399;1623087000000;0.000509000000000;0.000509000000000;0.000508000000000;0.000508000000000;3527.000000000000000;1623087899999;1.794391000000000;6;653.000000000000000;0.331724000000000;0
1400;1623087900000;0.000507000000000;0.000507000000000;0.000505000000000;0.000507000000000;850.000000000000000;1623088799999;0.430048000000000;5;200.000000000000000;0.101400000000000;0
1401;1623088800000;0.000505000000000;0.000507000000000;0.000505000000000;0.000507000000000;3836.000000000000000;1623089699999;1.940395000000000;10;3015.000000000000000;1.525790000000000;0
1402;1623089700000;0.000506000000000;0.000507000000000;0.000505000000000;0.000507000000000;840.000000000000000;1623090599999;0.425260000000000;4;420.000000000000000;0.212940000000000;0
1403;1623090600000;0.000507000000000;0.000507000000000;0.000507000000000;0.000507000000000;0.000000000000000;1623091499999;0.000000000000000;0;0.000000000000000;0.000000000000000;0
1404;1623091500000;0.000505000000000;0.000505000000000;0.000504000000000;0.000504000000000;1179.000000000000000;1623092399999;0.594416000000000;9;0.000000000000000;0.000000000000000;0
1405;1623092400000;0.000505000000000;0.000505000000000;0.000503000000000;0.000503000000000;1518.000000000000000;1623093299999;0.765682000000000;5;1064.000000000000000;0.537320000000000;0
1406;1623093300000;0.000502000000000;0.000504000000000;0.000502000000000;0.000502000000000;8033.000000000000000;1623094199999;4.045118000000000;11;6276.000000000000000;3.163104000000000;0
1407;1623094200000;0.000503000000000;0.000505000000000;0.000503000000000;0.000505000000000;5670.000000000000000;1623095099999;2.858011000000000;3;5670.000000000000000;2.858011000000000;0
1408;1623095100000;0.000505000000000;0.000505000000000;0.000505000000000;0.000505000000000;0.000000000000000;1623095999999;0.000000000000000;0;0.000000000000000;0.000000000000000;0
1409;1623096000000;0.000505000000000;0.000506000000000;0.000501000000000;0.000502000000000;1623.000000000000000;1623096899999;0.815583000000000;12;431.000000000000000;0.217649000000000;0
1410;1623096900000;0.000501000000000;0.000507000000000;0.000500000000000;0.000504000000000;3509.000000000000000;1623097799999;1.761055000000000;12;999.000000000000000;0.503471000000000;0
1411;1623097800000;0.000502000000000;0.000502000000000;0.000502000000000;0.000502000000000;201.000000000000000;1623098699999;0.100902000000000;1;0.000000000000000;0.000000000000000;0
1412;1623098700000;0.000500000000000;0.000502000000000;0.000496000000000;0.000497000000000;7714.000000000000000;1623099599999;3.853034000000000;38;1460.000000000000000;0.730646000000000;0
1413;1623099600000;0.000499000000000;0.000499000000000;0.000495000000000;0.000499000000000;18049.000000000000000;1623100499999;8.977911000000001;14;4750.000000000000000;2.369640000000000;0
1414;1623100500000;0.000501000000000;0.000506000000000;0.000497000000000;0.000499000000000;40764.000000000000000;1623101399999;20.403016000000001;25;13110.000000000000000;6.574185000000000;0
1415;1623101400000;0.000501000000000;0.000501000000000;0.000499000000000;0.000499000000000;406.000000000000000;1623102299999;0.203000000000000;2;203.000000000000000;0.101703000000000;0
1416;1623102300000;0.000501000000000;0.000501000000000;0.000499000000000;0.000499000000000;315.000000000000000;1623103199999;0.157591000000000;2;203.000000000000000;0.101703000000000;0
1417;1623103200000;0.000502000000000;0.000502000000000;0.000495000000000;0.000495000000000;13569.000000000000000;1623104099999;6.742494000000000;20;684.000000000000000;0.340841000000000;0
1418;1623104100000;0.000498000000000;0.000498000000000;0.000495000000000;0.000498000000000;4585.000000000000000;1623104999999;2.282160000000000;19;3913.000000000000000;1.948674000000000;0
1419;1623105000000;0.000498000000000;0.000501000000000;0.000498000000000;0.000499000000000;5421.000000000000000;1623105899999;2.700673000000000;6;5218.000000000000000;2.599376000000000;0
1420;1623105900000;0.000497000000000;0.000497000000000;0.000497000000000;0.000497000000000;636.000000000000000;1623106799999;0.316092000000000;2;0.000000000000000;0.000000000000000;0
1421;1623106800000;0.000496000000000;0.000497000000000;0.000492000000000;0.000497000000000;16211.000000000000000;1623107699999;7.982316000000000;25;401.000000000000000;0.199297000000000;0
1422;1623107700000;0.000493000000000;0.000493000000000;0.000488000000000;0.000488000000000;27520.000000000000000;1623108599999;13.470024000000000;29;4013.000000000000000;1.975183000000000;0
1423;1623108600000;0.000495000000000;0.000495000000000;0.000489000000000;0.000493000000000;2669.000000000000000;1623109499999;1.316155000000000;4;507.000000000000000;0.250965000000000;0
1424;1623109500000;0.000493000000000;0.000493000000000;0.000493000000000;0.000493000000000;0.000000000000000;1623110399999;0.000000000000000;0;0.000000000000000;0.000000000000000;0
1425;1623111300000;0.000491000000000;0.000491000000000;0.000490000000000;0.000490000000000;619.000000000000000;1623112199999;0.303686000000000;4;0.000000000000000;0.000000000000000;0
1426;1623112200000;0.000489000000000;0.000489000000000;0.000484000000000;0.000489000000000;5237.000000000000000;1623113099999;2.548815000000000;22;1554.000000000000000;0.759906000000000;0
1427;1623113100000;0.000486000000000;0.000486000000000;0.000486000000000;0.000486000000000;136.000000000000000;1623113999999;0.066096000000000;1;0.000000000000000;0.000000000000000;0
1428;1623114000000;0.000489000000000;0.000489000000000;0.000485000000000;0.000485000000000;900.000000000000000;1623114899999;0.437380000000000;2;220.000000000000000;0.107580000000000;0
1429;1623114900000;0.000485000000000;0.000485000000000;0.000485000000000;0.000485000000000;0.000000000000000;1623115799999;0.000000000000000;0;0.000000000000000;0.000000000000000;0
1430;1623115800000;0.000488000000000;0.000488000000000;0.000488000000000;0.000488000000000;118.000000000000000;1623116699999;0.057584000000000;1;0.000000000000000;0.000000000000000;0
1431;1623116700000;0.000489000000000;0.000489000000000;0.000489000000000;0.000489000000000;558.000000000000000;1623117599999;0.272862000000000;1;558.000000000000000;0.272862000000000;0
1432;1623117600000;0.000489000000000;0.000489000000000;0.000489000000000;0.000489000000000;0.000000000000000;1623118499999;0.000000000000000;0;0.000000000000000;0.000000000000000;0
1433;1623118500000;0.000489000000000;0.000489000000000;0.000489000000000;0.000489000000000;2042.000000000000000;1623119399999;0.998538000000000;1;2042.000000000000000;0.998538000000000;0
1434;1623119400000;0.000489000000000;0.000489000000000;0.000489000000000;0.000489000000000;0.000000000000000;1623120299999;0.000000000000000;0;0.000000000000000;0.000000000000000;0
1435;1623120300000;0.000489000000000;0.000489000000000;0.000485000000000;0.000485000000000;2075.000000000000000;1623121199999;1.011193000000000;8;1401.000000000000000;0.683801000000000;0
1436;1623121200000;0.000489000000000;0.000499000000000;0.000489000000000;0.000499000000000;1963.000000000000000;1623122099999;0.966208000000000;4;407.000000000000000;0.202889000000000;0
1437;1623122100000;0.000500000000000;0.000504000000000;0.000497000000000;0.000504000000000;8107.000000000000000;1623122999999;4.053260000000000;18;6220.000000000000000;3.112927000000000;0
1438;1623123000000;0.000502000000000;0.000502000000000;0.000499000000000;0.000501000000000;2365.000000000000000;1623123899999;1.183244000000000;6;147.000000000000000;0.073647000000000;0
1439;1623123900000;0.000497000000000;0.000497000000000;0.000495000000000;0.000495000000000;1118.000000000000000;1623124799999;0.554427000000000;5;0.000000000000000;0.000000000000000;0
1440;1623124800000;0.000492000000000;0.000492000000000;0.000492000000000;0.000492000000000;578.000000000000000;1623125699999;0.284376000000000;1;0.000000000000000;0.000000000000000;0
1441;1623125700000;0.000491000000000;0.000492000000000;0.000491000000000;0.000492000000000;799.000000000000000;1623126599999;0.392536000000000;3;0.000000000000000;0.000000000000000;0
1442;1623126600000;0.000493000000000;0.000498000000000;0.000492000000000;0.000498000000000;770.000000000000000;1623127499999;0.379769000000000;4;33.000000000000000;0.016434000000000;0
1443;1623127500000;0.000491000000000;0.000491000000000;0.000491000000000;0.000491000000000;343.000000000000000;1623128399999;0.168413000000000;2;0.000000000000000;0.000000000000000;0
1444;1623128400000;0.000497000000000;0.000497000000000;0.000493000000000;0.000493000000000;602.000000000000000;1623129299999;0.296898000000000;2;28.000000000000000;0.013916000000000;0
1445;1623129300000;0.000490000000000;0.000490000000000;0.000490000000000;0.000490000000000;337.000000000000000;1623130199999;0.165130000000000;1;0.000000000000000;0.000000000000000;0
1446;1623130200000;0.000496000000000;0.000496000000000;0.000490000000000;0.000490000000000;183.000000000000000;1623131099999;0.089862000000000;2;32.000000000000000;0.015872000000000;0
1447;1623131100000;0.000490000000000;0.000490000000000;0.000490000000000;0.000490000000000;0.000000000000000;1623131999999;0.000000000000000;0;0.000000000000000;0.000000000000000;0
1448;1623132000000;0.000490000000000;0.000490000000000;0.000490000000000;0.000490000000000;0.000000000000000;1623132899999;0.000000000000000;0;0.000000000000000;0.000000000000000;0
1449;1623132900000;0.000497000000000;0.000497000000000;0.000497000000000;0.000497000000000;245.000000000000000;1623133799999;0.121765000000000;1;245.000000000000000;0.121765000000000;0
1450;1623133800000;0.000493000000000;0.000498000000000;0.000493000000000;0.000496000000000;2685.000000000000000;1623134699999;1.326429000000000;8;277.000000000000000;0.137946000000000;0
1451;1623134700000;0.000496000000000;0.000496000000000;0.000496000000000;0.000496000000000;0.000000000000000;1623135599999;0.000000000000000;0;0.000000000000000;0.000000000000000;0
1452;1623135600000;0.000498000000000;0.000498000000000;0.000498000000000;0.000498000000000;204.000000000000000;1623136499999;0.101592000000000;1;204.000000000000000;0.101592000000000;0
1453;1623136500000;0.000496000000000;0.000502000000000;0.000496000000000;0.000499000000000;5214.000000000000000;1623137399999;2.602598000000000;19;4022.000000000000000;2.009771000000000;0
1454;1623137400000;0.000497000000000;0.000499000000000;0.000495000000000;0.000496000000000;3198.000000000000000;1623138299999;1.590141000000000;12;572.000000000000000;0.285059000000000;0
1455;1623138300000;0.000496000000000;0.000496000000000;0.000492000000000;0.000492000000000;1915.000000000000000;1623139199999;0.947446000000000;6;0.000000000000000;0.000000000000000;0
1456;1623139200000;0.000492000000000;0.000498000000000;0.000489000000000;0.000489000000000;7668.000000000000000;1623140099999;3.788416000000000;13;5799.000000000000000;2.870667000000000;0
1457;1623140100000;0.000495000000000;0.000495000000000;0.000495000000000;0.000495000000000;1501.000000000000000;1623140999999;0.742995000000000;2;1501.000000000000000;0.742995000000000;0
1458;1623141000000;0.000495000000000;0.000495000000000;0.000495000000000;0.000495000000000;0.000000000000000;1623141899999;0.000000000000000;0;0.000000000000000;0.000000000000000;0
1459;1623141900000;0.000495000000000;0.000495000000000;0.000495000000000;0.000495000000000;0.000000000000000;1623142799999;0.000000000000000;0;0.000000000000000;0.000000000000000;0
1460;1623142800000;0.000489000000000;0.000489000000000;0.000489000000000;0.000489000000000;502.000000000000000;1623143699999;0.245478000000000;4;0.000000000000000;0.000000000000000;0
1461;1623143700000;0.000489000000000;0.000489000000000;0.000489000000000;0.000489000000000;0.000000000000000;1623144599999;0.000000000000000;0;0.000000000000000;0.000000000000000;0
1462;1623144600000;0.000490000000000;0.000493000000000;0.000490000000000;0.000491000000000;2639.000000000000000;1623145499999;1.294750000000000;4;150.000000000000000;0.073950000000000;0
1463;1623145500000;0.000491000000000;0.000491000000000;0.000491000000000;0.000491000000000;0.000000000000000;1623146399999;0.000000000000000;0;0.000000000000000;0.000000000000000;0
1464;1623146400000;0.000490000000000;0.000490000000000;0.000490000000000;0.000490000000000;475.000000000000000;1623147299999;0.232750000000000;1;0.000000000000000;0.000000000000000;0
1465;1623147300000;0.000490000000000;0.000490000000000;0.000490000000000;0.000490000000000;166.000000000000000;1623148199999;0.081340000000000;1;0.000000000000000;0.000000000000000;0
1466;1623148200000;0.000498000000000;0.000498000000000;0.000496000000000;0.000496000000000;1148.000000000000000;1623149099999;0.571296000000000;4;1148.000000000000000;0.571296000000000;0
1467;1623149100000;0.000497000000000;0.000497000000000;0.000497000000000;0.000497000000000;7943.000000000000000;1623149999999;3.947671000000000;3;7943.000000000000000;3.947671000000000;0
1468;1623150000000;0.000497000000000;0.000497000000000;0.000497000000000;0.000497000000000;0.000000000000000;1623150899999;0.000000000000000;0;0.000000000000000;0.000000000000000;0
1469;1623150900000;0.000498000000000;0.000498000000000;0.000498000000000;0.000498000000000;204.000000000000000;1623151799999;0.101592000000000;1;204.000000000000000;0.101592000000000;0
1470;1623151800000;0.000496000000000;0.000496000000000;0.000496000000000;0.000496000000000;204.000000000000000;1623152699999;0.101184000000000;1;0.000000000000000;0.000000000000000;0
1471;1623152700000;0.000496000000000;0.000496000000000;0.000496000000000;0.000496000000000;0.000000000000000;1623153599999;0.000000000000000;0;0.000000000000000;0.000000000000000;0
1472;1623153600000;0.000498000000000;0.000502000000000;0.000495000000000;0.000499000000000;28794.000000000000000;1623154499999;14.400054000000001;28;28038.000000000000000;14.025224000000000;0
1473;1623154500000;0.000496000000000;0.000498000000000;0.000496000000000;0.000498000000000;1119.000000000000000;1623155399999;0.555732000000000;4;915.000000000000000;0.454548000000000;0
1474;1623155400000;0.000499000000000;0.000501000000000;0.000496000000000;0.000496000000000;1016.000000000000000;1623156299999;0.506372000000000;5;406.000000000000000;0.203000000000000;0
1475;1623156300000;0.000498000000000;0.000498000000000;0.000496000000000;0.000496000000000;665.000000000000000;1623157199999;0.330317000000000;4;159.000000000000000;0.079182000000000;0
1476;1623157200000;0.000498000000000;0.000501000000000;0.000494000000000;0.000496000000000;16542.000000000000000;1623158099999;8.242314000000000;14;9873.000000000000000;4.937393000000000;0
1477;1623158100000;0.000493000000000;0.000493000000000;0.000493000000000;0.000493000000000;757.000000000000000;1623158999999;0.373201000000000;5;0.000000000000000;0.000000000000000;0
1478;1623159000000;0.000491000000000;0.000491000000000;0.000491000000000;0.000491000000000;152.000000000000000;1623159899999;0.074632000000000;2;0.000000000000000;0.000000000000000;0
1479;1623159900000;0.000491000000000;0.000491000000000;0.000491000000000;0.000491000000000;170.000000000000000;1623160799999;0.083470000000000;1;0.000000000000000;0.000000000000000;0
1480;1623160800000;0.000491000000000;0.000491000000000;0.000486000000000;0.000489000000000;5544.000000000000000;1623161699999;2.713816000000000;12;0.000000000000000;0.000000000000000;0
1481;1623161700000;0.000487000000000;0.000491000000000;0.000487000000000;0.000491000000000;11569.000000000000000;1623162599999;5.676655000000000;2;0.000000000000000;0.000000000000000;0
1482;1623162600000;0.000492000000000;0.000497000000000;0.000492000000000;0.000497000000000;5341.000000000000000;1623163499999;2.650754000000000;6;5038.000000000000000;2.501678000000000;0
1483;1623163500000;0.000498000000000;0.000499000000000;0.000496000000000;0.000496000000000;1222.000000000000000;1623164399999;0.607740000000000;6;611.000000000000000;0.304481000000000;0
1484;1623164400000;0.000498000000000;0.000498000000000;0.000496000000000;0.000496000000000;408.000000000000000;1623165299999;0.202776000000000;2;204.000000000000000;0.101592000000000;0
1485;1623165300000;0.000496000000000;0.000496000000000;0.000487000000000;0.000493000000000;4149.000000000000000;1623166199999;2.031457000000000;9;3525.000000000000000;1.726026000000000;0
1486;1623166200000;0.000486000000000;0.000486000000000;0.000486000000000;0.000486000000000;1133.000000000000000;1623167099999;0.550638000000000;4;0.000000000000000;0.000000000000000;0
1487;1623167100000;0.000491000000000;0.000491000000000;0.000491000000000;0.000491000000000;108.000000000000000;1623167999999;0.053028000000000;1;108.000000000000000;0.053028000000000;0
1488;1623168000000;0.000498000000000;0.000505000000000;0.000495000000000;0.000497000000000;8138.000000000000000;1623168899999;4.084504000000000;22;5780.000000000000000;2.907217000000000;0
1489;1623168900000;0.000498000000000;0.000500000000000;0.000498000000000;0.000500000000000;13324.000000000000000;1623169799999;6.661389000000000;5;13324.000000000000000;6.661389000000000;0
1490;1623169800000;0.000501000000000;0.000501000000000;0.000499000000000;0.000501000000000;609.000000000000000;1623170699999;0.304703000000000;3;406.000000000000000;0.203406000000000;0
1491;1623170700000;0.000499000000000;0.000499000000000;0.000499000000000;0.000499000000000;203.000000000000000;1623171599999;0.101297000000000;1;0.000000000000000;0.000000000000000;0
1492;1623171600000;0.000497000000000;0.000502000000000;0.000497000000000;0.000502000000000;811.000000000000000;1623172499999;0.405295000000000;4;608.000000000000000;0.304404000000000;0
1493;1623172500000;0.000500000000000;0.000506000000000;0.000498000000000;0.000504000000000;2063.000000000000000;1623173399999;1.036505000000000;10;1146.000000000000000;0.577312000000000;0
1494;1623173400000;0.000506000000000;0.000506000000000;0.000502000000000;0.000502000000000;4760.000000000000000;1623174299999;2.391166000000000;7;2721.000000000000000;1.367186000000000;0
1495;1623174300000;0.000504000000000;0.000510000000000;0.000504000000000;0.000508000000000;3925.000000000000000;1623175199999;1.998885000000000;14;3726.000000000000000;1.897793000000000;0
1496;1623175200000;0.000507000000000;0.000509000000000;0.000503000000000;0.000506000000000;2683.000000000000000;1623176099999;1.357002000000000;15;400.000000000000000;0.202997000000000;0
1497;1623176100000;0.000505000000000;0.000513000000000;0.000505000000000;0.000507000000000;16072.000000000000000;1623176999999;8.185539000000000;23;13152.000000000000000;6.708954000000000;0
1498;1623177000000;0.000505000000000;0.000505000000000;0.000502000000000;0.000502000000000;1293.000000000000000;1623177899999;0.650779000000000;5;0.000000000000000;0.000000000000000;0
1499;1623177900000;0.000504000000000;0.000517000000000;0.000504000000000;0.000507000000000;6150.000000000000000;1623178799999;3.121619000000000;22;5752.000000000000000;2.919634000000000;0
1500;1623178800000;0.000509000000000;0.000513000000000;0.000507000000000;0.000509000000000;4181.000000000000000;1623179699999;2.125007000000000;12;2216.000000000000000;1.126593000000000;0
1501;1623179700000;0.000510000000000;0.000511000000000;0.000510000000000;0.000511000000000;879.000000000000000;1623180599999;0.448970000000000;2;879.000000000000000;0.448970000000000;0
1502;1623180600000;0.000509000000000;0.000509000000000;0.000507000000000;0.000507000000000;535.000000000000000;1623181499999;0.271718000000000;3;0.000000000000000;0.000000000000000;0
1503;1623181500000;0.000509000000000;0.000511000000000;0.000502000000000;0.000502000000000;4517.000000000000000;1623182399999;2.288070000000000;14;2158.000000000000000;1.099785000000000;0
1504;1623182400000;0.000500000000000;0.000502000000000;0.000500000000000;0.000502000000000;1783.000000000000000;1623183299999;0.891904000000000;3;202.000000000000000;0.101404000000000;0
1505;1623183300000;0.000500000000000;0.000502000000000;0.000499000000000;0.000502000000000;1075.000000000000000;1623184199999;0.537804000000000;5;202.000000000000000;0.101404000000000;0
1506;1623184200000;0.000500000000000;0.000502000000000;0.000500000000000;0.000502000000000;404.000000000000000;1623185099999;0.202404000000000;2;202.000000000000000;0.101404000000000;0
1507;1623185100000;0.000500000000000;0.000502000000000;0.000500000000000;0.000502000000000;404.000000000000000;1623185999999;0.202404000000000;2;202.000000000000000;0.101404000000000;0
1508;1623186000000;0.000504000000000;0.000507000000000;0.000502000000000;0.000507000000000;2676.000000000000000;1623186899999;1.351328000000000;8;2475.000000000000000;1.250426000000000;0
1509;1623186900000;0.000507000000000;0.000507000000000;0.000504000000000;0.000507000000000;1028.000000000000000;1623187799999;0.520469000000000;5;719.000000000000000;0.364533000000000;0
1510;1623187800000;0.000505000000000;0.000505000000000;0.000500000000000;0.000502000000000;1856.000000000000000;1623188699999;0.932922000000000;9;202.000000000000000;0.101404000000000;0
1511;1623188700000;0.000503000000000;0.000503000000000;0.000502000000000;0.000502000000000;433.000000000000000;1623189599999;0.217698000000000;2;433.000000000000000;0.217698000000000;0
1512;1623189600000;0.000502000000000;0.000502000000000;0.000502000000000;0.000502000000000;0.000000000000000;1623190499999;0.000000000000000;0;0.000000000000000;0.000000000000000;0
1513;1623190500000;0.000501000000000;0.000501000000000;0.000501000000000;0.000501000000000;342.000000000000000;1623191399999;0.171342000000000;1;0.000000000000000;0.000000000000000;0
1514;1623191400000;0.000500000000000;0.000502000000000;0.000500000000000;0.000502000000000;758.000000000000000;1623192299999;0.379404000000000;3;202.000000000000000;0.101404000000000;0
1515;1623192300000;0.000500000000000;0.000502000000000;0.000500000000000;0.000502000000000;362.000000000000000;1623193199999;0.181320000000000;2;160.000000000000000;0.080320000000000;0
1516;1623193200000;0.000499000000000;0.000507000000000;0.000498000000000;0.000498000000000;7289.000000000000000;1623194099999;3.654214000000000;22;3365.000000000000000;1.696305000000000;0
1517;1623194100000;0.000498000000000;0.000498000000000;0.000498000000000;0.000498000000000;561.000000000000000;1623194999999;0.279378000000000;1;0.000000000000000;0.000000000000000;0
1518;1623195000000;0.000501000000000;0.000501000000000;0.000497000000000;0.000499000000000;2159.000000000000000;1623195899999;1.075079000000000;9;376.000000000000000;0.187970000000000;0
1519;1623195900000;0.000498000000000;0.000498000000000;0.000497000000000;0.000497000000000;2311.000000000000000;1623196799999;1.150675000000000;10;0.000000000000000;0.000000000000000;0
1520;1623197700000;0.000497000000000;0.000497000000000;0.000497000000000;0.000497000000000;33.000000000000000;1623198599999;0.016401000000000;1;33.000000000000000;0.016401000000000;0
1521;1623198600000;0.000497000000000;0.000499000000000;0.000497000000000;0.000498000000000;1650.000000000000000;1623199499999;0.821237000000000;4;1073.000000000000000;0.533891000000000;0
1522;1623199500000;0.000501000000000;0.000501000000000;0.000501000000000;0.000501000000000;30.000000000000000;1623200399999;0.015030000000000;1;30.000000000000000;0.015030000000000;0
1523;1623200400000;0.000502000000000;0.000509000000000;0.000502000000000;0.000507000000000;3850.000000000000000;1623201299999;1.946870000000000;13;2965.000000000000000;1.498175000000000;0
1524;1623201300000;0.000509000000000;0.000511000000000;0.000505000000000;0.000507000000000;2697.000000000000000;1623202199999;1.367305000000000;11;1610.000000000000000;0.817972000000000;0
1525;1623202200000;0.000506000000000;0.000506000000000;0.000502000000000;0.000504000000000;1641.000000000000000;1623203099999;0.827934000000000;7;201.000000000000000;0.101304000000000;0
1526;1623203100000;0.000504000000000;0.000504000000000;0.000504000000000;0.000504000000000;0.000000000000000;1623203999999;0.000000000000000;0;0.000000000000000;0.000000000000000;0
1527;1623204000000;0.000506000000000;0.000507000000000;0.000504000000000;0.000504000000000;2158.000000000000000;1623204899999;1.090896000000000;6;1088.000000000000000;0.550728000000000;0
1528;1623204900000;0.000504000000000;0.000504000000000;0.000500000000000;0.000504000000000;1556.000000000000000;1623205799999;0.781082000000000;7;403.000000000000000;0.202708000000000;0
1529;1623205800000;0.000502000000000;0.000502000000000;0.000499000000000;0.000499000000000;606.000000000000000;1623206699999;0.303199000000000;3;0.000000000000000;0.000000000000000;0
1530;1623206700000;0.000497000000000;0.000497000000000;0.000494000000000;0.000494000000000;8455.000000000000000;1623207599999;4.185704000000000;5;0.000000000000000;0.000000000000000;0
1531;1623207600000;0.000492000000000;0.000492000000000;0.000492000000000;0.000492000000000;762.000000000000000;1623208499999;0.374904000000000;6;0.000000000000000;0.000000000000000;0
1532;1623208500000;0.000492000000000;0.000494000000000;0.000491000000000;0.000491000000000;1246.000000000000000;1623209399999;0.613184000000000;5;362.000000000000000;0.178828000000000;0
1533;1623209400000;0.000494000000000;0.000494000000000;0.000494000000000;0.000494000000000;118.000000000000000;1623210299999;0.058292000000000;1;0.000000000000000;0.000000000000000;0
1534;1623210300000;0.000494000000000;0.000494000000000;0.000494000000000;0.000494000000000;0.000000000000000;1623211199999;0.000000000000000;0;0.000000000000000;0.000000000000000;0
1535;1623211200000;0.000496000000000;0.000501000000000;0.000494000000000;0.000501000000000;11328.000000000000000;1623212099999;5.631469000000000;8;10877.000000000000000;5.408675000000000;0
1536;1623212100000;0.000502000000000;0.000505000000000;0.000500000000000;0.000502000000000;3076.000000000000000;1623212999999;1.543047000000000;9;934.000000000000000;0.470257000000000;0
1537;1623213000000;0.000500000000000;0.000507000000000;0.000500000000000;0.000507000000000;4642.000000000000000;1623213899999;2.339160000000000;14;3484.000000000000000;1.759356000000000;0
1538;1623213900000;0.000505000000000;0.000505000000000;0.000505000000000;0.000505000000000;888.000000000000000;1623214799999;0.448440000000000;3;0.000000000000000;0.000000000000000;0
1539;1623214800000;0.000507000000000;0.000507000000000;0.000505000000000;0.000507000000000;502.000000000000000;1623215699999;0.254114000000000;3;302.000000000000000;0.153114000000000;0
1540;1623215700000;0.000507000000000;0.000507000000000;0.000504000000000;0.000507000000000;1990.000000000000000;1623216599999;1.006678000000000;6;298.000000000000000;0.151086000000000;0
1541;1623216600000;0.000509000000000;0.000509000000000;0.000506000000000;0.000509000000000;1523.000000000000000;1623217499999;0.773483000000000;8;761.000000000000000;0.387349000000000;0
1542;1623217500000;0.000507000000000;0.000507000000000;0.000504000000000;0.000504000000000;2824.000000000000000;1623218399999;1.427553000000000;5;0.000000000000000;0.000000000000000;0
1543;1623218400000;0.000504000000000;0.000504000000000;0.000504000000000;0.000504000000000;0.000000000000000;1623219299999;0.000000000000000;0;0.000000000000000;0.000000000000000;0
1544;1623219300000;0.000505000000000;0.000515000000000;0.000505000000000;0.000512000000000;4985.000000000000000;1623220199999;2.545716000000000;17;4591.000000000000000;2.343791000000000;0
1545;1623220200000;0.000514000000000;0.000514000000000;0.000504000000000;0.000504000000000;13538.000000000000000;1623221099999;6.915716000000000;26;8658.000000000000000;4.434746000000000;0
1546;1623221100000;0.000506000000000;0.000511000000000;0.000497000000000;0.000497000000000;12518.000000000000000;1623221999999;6.295234000000000;24;1820.000000000000000;0.926595000000000;0
1547;1623222000000;0.000499000000000;0.000499000000000;0.000497000000000;0.000497000000000;961.000000000000000;1623222899999;0.478023000000000;3;203.000000000000000;0.101297000000000;0
1548;1623222900000;0.000499000000000;0.000499000000000;0.000495000000000;0.000495000000000;15887.000000000000000;1623223799999;7.871778000000000;12;523.000000000000000;0.260297000000000;0
1549;1623223800000;0.000494000000000;0.000494000000000;0.000494000000000;0.000494000000000;526.000000000000000;1623224699999;0.259844000000000;4;0.000000000000000;0.000000000000000;0
1550;1623224700000;0.000497000000000;0.000497000000000;0.000497000000000;0.000497000000000;699.000000000000000;1623225599999;0.347403000000000;2;699.000000000000000;0.347403000000000;0
1551;1623225600000;0.000498000000000;0.000498000000000;0.000493000000000;0.000497000000000;3726.000000000000000;1623226499999;1.847217000000000;10;1808.000000000000000;0.898608000000000;0
1552;1623226500000;0.000497000000000;0.000497000000000;0.000497000000000;0.000497000000000;0.000000000000000;1623227399999;0.000000000000000;0;0.000000000000000;0.000000000000000;0
1553;1623227400000;0.000493000000000;0.000496000000000;0.000493000000000;0.000496000000000;1441.000000000000000;1623228299999;0.712687000000000;3;701.000000000000000;0.347696000000000;0
1554;1623228300000;0.000498000000000;0.000498000000000;0.000496000000000;0.000496000000000;408.000000000000000;1623229199999;0.202776000000000;2;204.000000000000000;0.101592000000000;0
1555;1623229200000;0.000495000000000;0.000495000000000;0.000495000000000;0.000495000000000;850.000000000000000;1623230099999;0.420750000000000;3;0.000000000000000;0.000000000000000;0
1556;1623230100000;0.000495000000000;0.000498000000000;0.000495000000000;0.000496000000000;13237.000000000000000;1623230999999;6.556607000000000;5;12342.000000000000000;6.111996000000000;0
1557;1623231000000;0.000494000000000;0.000494000000000;0.000494000000000;0.000494000000000;226.000000000000000;1623231899999;0.111644000000000;2;0.000000000000000;0.000000000000000;0
1558;1623231900000;0.000493000000000;0.000493000000000;0.000492000000000;0.000492000000000;4877.000000000000000;1623232799999;2.399999000000000;5;4237.000000000000000;2.084604000000000;0
1559;1623232800000;0.000492000000000;0.000492000000000;0.000492000000000;0.000492000000000;0.000000000000000;1623233699999;0.000000000000000;0;0.000000000000000;0.000000000000000;0
1560;1623233700000;0.000494000000000;0.000494000000000;0.000494000000000;0.000494000000000;450.000000000000000;1623234599999;0.222300000000000;1;0.000000000000000;0.000000000000000;0
1561;1623234600000;0.000493000000000;0.000498000000000;0.000493000000000;0.000498000000000;1853.000000000000000;1623235499999;0.920586000000000;4;1004.000000000000000;0.499482000000000;0
1562;1623235500000;0.000498000000000;0.000498000000000;0.000498000000000;0.000498000000000;0.000000000000000;1623236399999;0.000000000000000;0;0.000000000000000;0.000000000000000;0
1563;1623236400000;0.000498000000000;0.000502000000000;0.000498000000000;0.000502000000000;1882.000000000000000;1623237299999;0.941160000000000;5;1306.000000000000000;0.652008000000000;0
1564;1623237300000;0.000501000000000;0.000501000000000;0.000499000000000;0.000499000000000;1987.000000000000000;1623238199999;0.994606000000000;5;0.000000000000000;0.000000000000000;0
1565;1623238200000;0.000499000000000;0.000499000000000;0.000496000000000;0.000496000000000;674.000000000000000;1623239099999;0.334975000000000;4;0.000000000000000;0.000000000000000;0
1566;1623239100000;0.000498000000000;0.000504000000000;0.000498000000000;0.000502000000000;5062.000000000000000;1623239999999;2.541464000000000;11;4861.000000000000000;2.440562000000000;0
1567;1623240000000;0.000504000000000;0.000510000000000;0.000504000000000;0.000504000000000;10072.000000000000000;1623240899999;5.113307000000000;13;1552.000000000000000;0.786750000000000;0
1568;1623240900000;0.000502000000000;0.000507000000000;0.000502000000000;0.000505000000000;2075.000000000000000;1623241799999;1.048208000000000;8;1473.000000000000000;0.745404000000000;0
1569;1623241800000;0.000504000000000;0.000505000000000;0.000503000000000;0.000503000000000;7542.000000000000000;1623242699999;3.807929000000000;3;7051.000000000000000;3.560755000000000;0
1570;1623242700000;0.000503000000000;0.000503000000000;0.000499000000000;0.000499000000000;14098.000000000000000;1623243599999;7.087922000000000;7;0.000000000000000;0.000000000000000;0
1571;1623243600000;0.000501000000000;0.000501000000000;0.000499000000000;0.000501000000000;2367.000000000000000;1623244499999;1.185006000000000;6;1589.000000000000000;0.796089000000000;0
1572;1623244500000;0.000499000000000;0.000501000000000;0.000499000000000;0.000501000000000;1100.000000000000000;1623245399999;0.550694000000000;3;897.000000000000000;0.449397000000000;0
1573;1623245400000;0.000502000000000;0.000502000000000;0.000500000000000;0.000500000000000;560.000000000000000;1623246299999;0.280622000000000;3;202.000000000000000;0.101404000000000;0
1574;1623246300000;0.000500000000000;0.000500000000000;0.000499000000000;0.000499000000000;1254.000000000000000;1623247199999;0.626797000000000;4;869.000000000000000;0.434500000000000;0
1575;1623247200000;0.000498000000000;0.000498000000000;0.000497000000000;0.000497000000000;736.000000000000000;1623248099999;0.366151000000000;3;0.000000000000000;0.000000000000000;0
1576;1623248100000;0.000499000000000;0.000499000000000;0.000499000000000;0.000499000000000;203.000000000000000;1623248999999;0.101297000000000;1;203.000000000000000;0.101297000000000;0
1577;1623249000000;0.000497000000000;0.000502000000000;0.000496000000000;0.000502000000000;2680.000000000000000;1623249899999;1.335162000000000;11;1320.000000000000000;0.659700000000000;0
1578;1623249900000;0.000504000000000;0.000508000000000;0.000504000000000;0.000508000000000;22968.000000000000000;1623250799999;11.662459999999999;9;22409.000000000000000;11.379606000000001;0
1579;1623250800000;0.000509000000000;0.000514000000000;0.000506000000000;0.000510000000000;47384.000000000000000;1623251699999;24.255163000000000;28;38217.000000000000000;19.603199000000000;0
1580;1623251700000;0.000510000000000;0.000510000000000;0.000504000000000;0.000506000000000;3807.000000000000000;1623252599999;1.931981000000000;15;1083.000000000000000;0.550163000000000;0
1581;1623252600000;0.000505000000000;0.000505000000000;0.000504000000000;0.000504000000000;282.000000000000000;1623253499999;0.142328000000000;2;0.000000000000000;0.000000000000000;0
1582;1623253500000;0.000506000000000;0.000512000000000;0.000506000000000;0.000512000000000;1784.000000000000000;1623254399999;0.907638000000000;7;1784.000000000000000;0.907638000000000;0
1583;1623254400000;0.000514000000000;0.000617000000000;0.000514000000000;0.000604000000000;332691.000000000000000;1623255299999;185.503486000000009;419;244021.000000000000000;136.505473999999992;0
1584;1623255300000;0.000609000000000;0.000650000000000;0.000573000000000;0.000577000000000;315923.000000000000000;1623256199999;193.834576999999996;237;72024.000000000000000;44.650315999999997;0
1585;1623256200000;0.000579000000000;0.000586000000000;0.000574000000000;0.000583000000000;86874.000000000000000;1623257099999;50.651311000000000;40;27466.000000000000000;16.025724000000000;0
1586;1623257100000;0.000581000000000;0.000581000000000;0.000565000000000;0.000570000000000;82993.000000000000000;1623257999999;47.427975000000004;68;28799.000000000000000;16.431716000000002;0
1587;1623258000000;0.000570000000000;0.000633000000000;0.000557000000000;0.000604000000000;307775.000000000000000;1623258899999;182.260110999999995;313;108325.000000000000000;64.985291000000004;0
1588;1623258900000;0.000604000000000;0.000604000000000;0.000583000000000;0.000585000000000;38668.000000000000000;1623259799999;22.877948000000000;61;12488.000000000000000;7.407950000000000;0
1589;1623259800000;0.000587000000000;0.000600000000000;0.000579000000000;0.000586000000000;66525.000000000000000;1623260699999;39.152509000000002;44;32664.000000000000000;19.217161000000001;0
1590;1623260700000;0.000584000000000;0.000586000000000;0.000579000000000;0.000586000000000;74210.000000000000000;1623261599999;43.256328000000003;42;48370.000000000000000;28.224793999999999;0
1591;1623261600000;0.000587000000000;0.000592000000000;0.000574000000000;0.000578000000000;63410.000000000000000;1623262499999;37.025455000000001;41;21386.000000000000000;12.542733000000000;0
1592;1623262500000;0.000578000000000;0.000587000000000;0.000577000000000;0.000587000000000;19008.000000000000000;1623263399999;10.991253000000000;17;13881.000000000000000;8.022720000000000;0
1593;1623263400000;0.000589000000000;0.000589000000000;0.000578000000000;0.000580000000000;5779.000000000000000;1623264299999;3.369006000000000;19;1872.000000000000000;1.096464000000000;0
1594;1623264300000;0.000583000000000;0.000585000000000;0.000580000000000;0.000585000000000;11312.000000000000000;1623265199999;6.607067000000000;22;7477.000000000000000;4.368490000000000;0
1595;1623265200000;0.000584000000000;0.000589000000000;0.000578000000000;0.000583000000000;7196.000000000000000;1623266099999;4.190458000000000;26;3895.000000000000000;2.270466000000000;0
1596;1623266100000;0.000580000000000;0.000583000000000;0.000578000000000;0.000581000000000;1985.000000000000000;1623266999999;1.152256000000000;9;688.000000000000000;0.400696000000000;0
1597;1623267000000;0.000576000000000;0.000578000000000;0.000575000000000;0.000575000000000;812.000000000000000;1623267899999;0.467462000000000;4;129.000000000000000;0.074562000000000;0
1598;1623267900000;0.000574000000000;0.000584000000000;0.000574000000000;0.000581000000000;18196.000000000000000;1623268799999;10.584414000000001;13;10870.000000000000000;6.332048000000000;0
1599;1623268800000;0.000585000000000;0.000586000000000;0.000578000000000;0.000578000000000;15669.000000000000000;1623269699999;9.105511000000000;14;510.000000000000000;0.298396000000000;0
1600;1623269700000;0.000581000000000;0.000581000000000;0.000572000000000;0.000572000000000;10564.000000000000000;1623270599999;6.056131000000000;13;571.000000000000000;0.330293000000000;0
1601;1623270600000;0.000575000000000;0.000575000000000;0.000569000000000;0.000574000000000;5535.000000000000000;1623271499999;3.164468000000000;19;3366.000000000000000;1.928160000000000;0
1602;1623271500000;0.000572000000000;0.000572000000000;0.000567000000000;0.000568000000000;8787.000000000000000;1623272399999;4.988815000000000;11;3778.000000000000000;2.142660000000000;0
1603;1623272400000;0.000566000000000;0.000566000000000;0.000562000000000;0.000564000000000;17656.000000000000000;1623273299999;9.982945000000001;21;388.000000000000000;0.219219000000000;0
1604;1623273300000;0.000566000000000;0.000569000000000;0.000566000000000;0.000568000000000;2970.000000000000000;1623274199999;1.683364000000000;8;2791.000000000000000;1.582050000000000;0
1605;1623274200000;0.000566000000000;0.000572000000000;0.000564000000000;0.000572000000000;2273.000000000000000;1623275099999;1.289588000000000;12;1736.000000000000000;0.986362000000000;0
1606;1623275100000;0.000573000000000;0.000575000000000;0.000564000000000;0.000567000000000;22545.000000000000000;1623275999999;12.752300999999999;21;1957.000000000000000;1.112570000000000;0
1607;1623276000000;0.000568000000000;0.000568000000000;0.000558000000000;0.000558000000000;7366.000000000000000;1623276899999;4.154652000000000;15;713.000000000000000;0.402314000000000;0
1608;1623276900000;0.000557000000000;0.000557000000000;0.000543000000000;0.000543000000000;11761.000000000000000;1623277799999;6.475006000000000;53;2401.000000000000000;1.319261000000000;0
1609;1623277800000;0.000542000000000;0.000548000000000;0.000542000000000;0.000548000000000;8898.000000000000000;1623278699999;4.836284000000000;23;5470.000000000000000;2.976108000000000;0
1610;1623278700000;0.000549000000000;0.000552000000000;0.000545000000000;0.000545000000000;9804.000000000000000;1623279599999;5.403939000000000;9;8518.000000000000000;4.701016000000000;0
1611;1623279600000;0.000544000000000;0.000548000000000;0.000544000000000;0.000548000000000;1550.000000000000000;1623280499999;0.846217000000000;5;1006.000000000000000;0.550281000000000;0
1612;1623280500000;0.000550000000000;0.000555000000000;0.000550000000000;0.000554000000000;2565.000000000000000;1623281399999;1.417621000000000;9;2382.000000000000000;1.316605000000000;0
1613;1623281400000;0.000554000000000;0.000554000000000;0.000546000000000;0.000548000000000;7113.000000000000000;1623282299999;3.904982000000000;15;185.000000000000000;0.101380000000000;0
1614;1623282300000;0.000550000000000;0.000550000000000;0.000547000000000;0.000547000000000;290.000000000000000;1623283199999;0.158708000000000;2;26.000000000000000;0.014300000000000;0
1615;1623284100000;0.000549000000000;0.000553000000000;0.000546000000000;0.000553000000000;5529.000000000000000;1623284999999;3.045339000000000;8;4978.000000000000000;2.743579000000000;0
1616;1623285000000;0.000550000000000;0.000550000000000;0.000548000000000;0.000550000000000;1184.000000000000000;1623285899999;0.649568000000000;4;184.000000000000000;0.101200000000000;0
1617;1623285900000;0.000552000000000;0.000556000000000;0.000552000000000;0.000552000000000;4193.000000000000000;1623286799999;2.318460000000000;12;1521.000000000000000;0.841860000000000;0
1618;1623286800000;0.000554000000000;0.000554000000000;0.000542000000000;0.000542000000000;7592.000000000000000;1623287699999;4.168681000000000;18;1810.000000000000000;1.000740000000000;0
1619;1623287700000;0.000544000000000;0.000546000000000;0.000542000000000;0.000546000000000;9161.000000000000000;1623288599999;4.986930000000000;9;5485.000000000000000;2.985720000000000;0
1620;1623288600000;0.000547000000000;0.000561000000000;0.000546000000000;0.000561000000000;20772.000000000000000;1623289499999;11.469358000000000;27;10011.000000000000000;5.525278000000000;0
1621;1623289500000;0.000558000000000;0.000558000000000;0.000550000000000;0.000550000000000;2081.000000000000000;1623290399999;1.154986000000000;9;183.000000000000000;0.101382000000000;0
1622;1623290400000;0.000549000000000;0.000549000000000;0.000543000000000;0.000543000000000;8735.000000000000000;1623291299999;4.759122000000000;13;371.000000000000000;0.202936000000000;0
1623;1623291300000;0.000543000000000;0.000543000000000;0.000543000000000;0.000543000000000;0.000000000000000;1623292199999;0.000000000000000;0;0.000000000000000;0.000000000000000;0
1624;1623292200000;0.000543000000000;0.000548000000000;0.000543000000000;0.000546000000000;2622.000000000000000;1623293099999;1.428914000000000;6;2437.000000000000000;1.327904000000000;0
1625;1623293100000;0.000544000000000;0.000544000000000;0.000537000000000;0.000541000000000;6755.000000000000000;1623293999999;3.647915000000000;19;1177.000000000000000;0.635427000000000;0
1626;1623294000000;0.000541000000000;0.000541000000000;0.000541000000000;0.000541000000000;602.000000000000000;1623294899999;0.325682000000000;2;602.000000000000000;0.325682000000000;0
1627;1623294900000;0.000543000000000;0.000560000000000;0.000543000000000;0.000552000000000;26405.000000000000000;1623295799999;14.630076000000001;33;17793.000000000000000;9.837348000000000;0
1628;1623295800000;0.000554000000000;0.000554000000000;0.000548000000000;0.000548000000000;916.000000000000000;1623296699999;0.504348000000000;5;183.000000000000000;0.101382000000000;0
1629;1623296700000;0.000550000000000;0.000552000000000;0.000544000000000;0.000544000000000;29881.000000000000000;1623297599999;16.357240000000001;15;1178.000000000000000;0.649888000000000;0
1630;1623297600000;0.000543000000000;0.000556000000000;0.000543000000000;0.000548000000000;7519.000000000000000;1623298499999;4.130794000000000;28;5646.000000000000000;3.108169000000000;0
1631;1623298500000;0.000546000000000;0.000555000000000;0.000546000000000;0.000555000000000;10471.000000000000000;1623299399999;5.763254000000000;10;8634.000000000000000;4.750340000000000;0
1632;1623299400000;0.000552000000000;0.000556000000000;0.000550000000000;0.000552000000000;3327.000000000000000;1623300299999;1.838308000000000;11;392.000000000000000;0.216850000000000;0
1633;1623300300000;0.000554000000000;0.000560000000000;0.000554000000000;0.000560000000000;728.000000000000000;1623301199999;0.405490000000000;4;728.000000000000000;0.405490000000000;0
1634;1623301200000;0.000560000000000;0.000565000000000;0.000559000000000;0.000562000000000;7150.000000000000000;1623302099999;4.025056000000000;23;3476.000000000000000;1.960621000000000;0
1635;1623302100000;0.000566000000000;0.000567000000000;0.000558000000000;0.000561000000000;32689.000000000000000;1623302999999;18.399384999999999;32;11172.000000000000000;6.328998000000000;0
1636;1623303000000;0.000561000000000;0.000562000000000;0.000558000000000;0.000558000000000;3820.000000000000000;1623303899999;2.138608000000000;9;1000.000000000000000;0.560848000000000;0
1637;1623303900000;0.000560000000000;0.000565000000000;0.000560000000000;0.000562000000000;12283.000000000000000;1623304799999;6.926073000000000;17;11563.000000000000000;6.521793000000000;0
1638;1623304800000;0.000560000000000;0.000560000000000;0.000556000000000;0.000556000000000;2178.000000000000000;1623305699999;1.214534000000000;5;0.000000000000000;0.000000000000000;0
1639;1623305700000;0.000554000000000;0.000558000000000;0.000554000000000;0.000558000000000;14578.000000000000000;1623306599999;8.110007000000000;10;8821.000000000000000;4.909839000000000;0
1640;1623306600000;0.000560000000000;0.000561000000000;0.000558000000000;0.000560000000000;1686.000000000000000;1623307499999;0.943978000000000;6;1505.000000000000000;0.842980000000000;0
1641;1623307500000;0.000557000000000;0.000560000000000;0.000555000000000;0.000555000000000;4288.000000000000000;1623308399999;2.383175000000000;5;28.000000000000000;0.015680000000000;0
1642;1623308400000;0.000555000000000;0.000573000000000;0.000555000000000;0.000573000000000;9979.000000000000000;1623309299999;5.611492000000000;21;3479.000000000000000;1.965055000000000;0
1643;1623309300000;0.000575000000000;0.000578000000000;0.000568000000000;0.000572000000000;9023.000000000000000;1623310199999;5.195282000000000;23;7694.000000000000000;4.435338000000000;0
1644;1623310200000;0.000572000000000;0.000572000000000;0.000568000000000;0.000571000000000;1854.000000000000000;1623311099999;1.058458000000000;8;786.000000000000000;0.448628000000000;0
1645;1623311100000;0.000572000000000;0.000572000000000;0.000568000000000;0.000570000000000;1866.000000000000000;1623311999999;1.064967000000000;9;532.000000000000000;0.303948000000000;0
1646;1623312000000;0.000571000000000;0.000581000000000;0.000566000000000;0.000577000000000;19793.000000000000000;1623312899999;11.318780000000000;39;14255.000000000000000;8.164648000000000;0
1647;1623312900000;0.000578000000000;0.000581000000000;0.000576000000000;0.000581000000000;3507.000000000000000;1623313799999;2.030185000000000;15;2294.000000000000000;1.329963000000000;0
1648;1623313800000;0.000583000000000;0.000587000000000;0.000578000000000;0.000585000000000;14431.000000000000000;1623314699999;8.365302000000000;24;2230.000000000000000;1.302310000000000;0
1649;1623314700000;0.000582000000000;0.000582000000000;0.000570000000000;0.000570000000000;8273.000000000000000;1623315599999;4.747871000000000;14;0.000000000000000;0.000000000000000;0
1650;1623315600000;0.000572000000000;0.000572000000000;0.000569000000000;0.000572000000000;818.000000000000000;1623316499999;0.466234000000000;5;296.000000000000000;0.169039000000000;0
1651;1623316500000;0.000570000000000;0.000576000000000;0.000570000000000;0.000571000000000;12647.000000000000000;1623317399999;7.246820000000000;13;4492.000000000000000;2.578681000000000;0
1652;1623317400000;0.000574000000000;0.000575000000000;0.000568000000000;0.000570000000000;4157.000000000000000;1623318299999;2.376481000000000;10;1057.000000000000000;0.606183000000000;0
1653;1623318300000;0.000568000000000;0.000577000000000;0.000568000000000;0.000572000000000;13050.000000000000000;1623319199999;7.465004000000000;19;8943.000000000000000;5.125120000000000;0
1654;1623319200000;0.000570000000000;0.000570000000000;0.000566000000000;0.000570000000000;994.000000000000000;1623320099999;0.564738000000000;7;357.000000000000000;0.203132000000000;0
1655;1623320100000;0.000572000000000;0.000578000000000;0.000572000000000;0.000572000000000;2762.000000000000000;1623320999999;1.585134000000000;12;1802.000000000000000;1.035662000000000;0
1656;1623321000000;0.000570000000000;0.000570000000000;0.000564000000000;0.000568000000000;7541.000000000000000;1623321899999;4.269929000000000;23;1603.000000000000000;0.908901000000000;0
1657;1623321900000;0.000566000000000;0.000566000000000;0.000561000000000;0.000566000000000;4564.000000000000000;1623322799999;2.577731000000000;12;3777.000000000000000;2.134612000000000;0
1658;1623322800000;0.000566000000000;0.000566000000000;0.000566000000000;0.000566000000000;0.000000000000000;1623323699999;0.000000000000000;0;0.000000000000000;0.000000000000000;0
1659;1623323700000;0.000564000000000;0.000565000000000;0.000560000000000;0.000562000000000;6657.000000000000000;1623324599999;3.743683000000000;16;1180.000000000000000;0.665267000000000;0
1660;1623324600000;0.000564000000000;0.000564000000000;0.000564000000000;0.000564000000000;31.000000000000000;1623325499999;0.017484000000000;1;31.000000000000000;0.017484000000000;0
1661;1623325500000;0.000563000000000;0.000565000000000;0.000562000000000;0.000562000000000;1133.000000000000000;1623326399999;0.639058000000000;4;953.000000000000000;0.537898000000000;0
1662;1623326400000;0.000564000000000;0.000567000000000;0.000564000000000;0.000566000000000;778.000000000000000;1623327299999;0.440166000000000;6;637.000000000000000;0.360360000000000;0
1663;1623327300000;0.000568000000000;0.000580000000000;0.000568000000000;0.000574000000000;26097.000000000000000;1623328199999;15.053677000000000;29;18369.000000000000000;10.586074999999999;0
1664;1623328200000;0.000577000000000;0.000591000000000;0.000576000000000;0.000588000000000;65132.000000000000000;1623329099999;38.007435999999998;56;46553.000000000000000;27.165448999999999;0
1665;1623329100000;0.000589000000000;0.000595000000000;0.000581000000000;0.000585000000000;35181.000000000000000;1623329999999;20.597156999999999;45;14528.000000000000000;8.533951999999999;0
1666;1623330000000;0.000585000000000;0.000589000000000;0.000582000000000;0.000587000000000;10179.000000000000000;1623330899999;5.940405000000000;15;1433.000000000000000;0.839685000000000;0
1667;1623330900000;0.000584000000000;0.000596000000000;0.000584000000000;0.000592000000000;17937.000000000000000;1623331799999;10.561251000000000;19;8635.000000000000000;5.084862000000000;0
1668;1623331800000;0.000592000000000;0.000604000000000;0.000592000000000;0.000600000000000;13052.000000000000000;1623332699999;7.815436000000000;20;6005.000000000000000;3.588492000000000;0
1669;1623332700000;0.000598000000000;0.000630000000000;0.000597000000000;0.000622000000000;35582.000000000000000;1623333599999;21.903949000000001;67;33118.000000000000000;20.405207999999998;0
1670;1623333600000;0.000620000000000;0.000623000000000;0.000601000000000;0.000605000000000;42113.000000000000000;1623334499999;25.684595999999999;52;12121.000000000000000;7.335480000000000;0
1671;1623334500000;0.000607000000000;0.000626000000000;0.000600000000000;0.000626000000000;42985.000000000000000;1623335399999;26.224924000000001;59;26236.000000000000000;16.049427999999999;0
1672;1623335400000;0.000622000000000;0.000629000000000;0.000608000000000;0.000621000000000;45158.000000000000000;1623336299999;27.896636000000001;71;18677.000000000000000;11.561306000000000;0
1673;1623336300000;0.000623000000000;0.000680000000000;0.000620000000000;0.000641000000000;90672.000000000000000;1623337199999;59.017709000000004;138;66963.000000000000000;43.856014999999999;0
1674;1623337200000;0.000638000000000;0.000638000000000;0.000620000000000;0.000623000000000;100495.000000000000000;1623338099999;62.908735000000000;80;2909.000000000000000;1.829703000000000;0
1675;1623338100000;0.000622000000000;0.000622000000000;0.000608000000000;0.000613000000000;10321.000000000000000;1623338999999;6.319412000000000;35;1901.000000000000000;1.163619000000000;0
1676;1623339000000;0.000610000000000;0.000623000000000;0.000606000000000;0.000611000000000;46800.000000000000000;1623339899999;28.760704000000000;66;30047.000000000000000;18.488492999999998;0
1677;1623339900000;0.000608000000000;0.000619000000000;0.000601000000000;0.000608000000000;53179.000000000000000;1623340799999;32.514290000000003;64;26971.000000000000000;16.589589000000000;0
1678;1623340800000;0.000606000000000;0.000606000000000;0.000600000000000;0.000604000000000;14802.000000000000000;1623341699999;8.912959000000001;18;603.000000000000000;0.364723000000000;0
1679;1623341700000;0.000605000000000;0.000622000000000;0.000596000000000;0.000599000000000;45555.000000000000000;1623342599999;27.483855999999999;45;20598.000000000000000;12.523384000000000;0
1680;1623342600000;0.000595000000000;0.000595000000000;0.000594000000000;0.000594000000000;8903.000000000000000;1623343499999;5.288966000000000;9;0.000000000000000;0.000000000000000;0
1681;1623343500000;0.000596000000000;0.000596000000000;0.000596000000000;0.000596000000000;3384.000000000000000;1623344399999;2.016864000000000;2;3384.000000000000000;2.016864000000000;0
1682;1623344400000;0.000596000000000;0.000597000000000;0.000590000000000;0.000592000000000;3098.000000000000000;1623345299999;1.841345000000000;12;1427.000000000000000;0.850200000000000;0
1683;1623345300000;0.000593000000000;0.000593000000000;0.000590000000000;0.000590000000000;1012.000000000000000;1623346199999;0.599603000000000;4;841.000000000000000;0.498713000000000;0
1684;1623346200000;0.000588000000000;0.000589000000000;0.000584000000000;0.000589000000000;2430.000000000000000;1623347099999;1.424246000000000;11;172.000000000000000;0.101308000000000;0
1685;1623347100000;0.000589000000000;0.000591000000000;0.000586000000000;0.000586000000000;1964.000000000000000;1623347999999;1.156452000000000;3;1792.000000000000000;1.055660000000000;0
1686;1623348000000;0.000586000000000;0.000586000000000;0.000583000000000;0.000583000000000;1495.000000000000000;1623348899999;0.874762000000000;7;0.000000000000000;0.000000000000000;0
1687;1623348900000;0.000583000000000;0.000583000000000;0.000583000000000;0.000583000000000;1715.000000000000000;1623349799999;0.999845000000000;1;0.000000000000000;0.000000000000000;0
1688;1623349800000;0.000582000000000;0.000583000000000;0.000580000000000;0.000583000000000;616.000000000000000;1623350699999;0.358325000000000;4;161.000000000000000;0.093863000000000;0
1689;1623350700000;0.000578000000000;0.000578000000000;0.000574000000000;0.000574000000000;944.000000000000000;1623351599999;0.544086000000000;6;0.000000000000000;0.000000000000000;0
1690;1623351600000;0.000573000000000;0.000573000000000;0.000570000000000;0.000572000000000;7255.000000000000000;1623352499999;4.143788000000000;18;177.000000000000000;0.101244000000000;0
1691;1623352500000;0.000570000000000;0.000570000000000;0.000570000000000;0.000570000000000;177.000000000000000;1623353399999;0.100890000000000;1;0.000000000000000;0.000000000000000;0
1692;1623353400000;0.000569000000000;0.000570000000000;0.000568000000000;0.000569000000000;1065.000000000000000;1623354299999;0.605926000000000;5;178.000000000000000;0.101460000000000;0
1693;1623354300000;0.000568000000000;0.000568000000000;0.000567000000000;0.000567000000000;706.000000000000000;1623355199999;0.400782000000000;5;0.000000000000000;0.000000000000000;0
1694;1623355200000;0.000566000000000;0.000568000000000;0.000561000000000;0.000563000000000;40931.000000000000000;1623356099999;23.028693000000001;12;29.000000000000000;0.016472000000000;0
1695;1623356100000;0.000568000000000;0.000568000000000;0.000561000000000;0.000561000000000;147.000000000000000;1623356999999;0.082670000000000;2;29.000000000000000;0.016472000000000;0
1696;1623357000000;0.000560000000000;0.000560000000000;0.000560000000000;0.000560000000000;178.000000000000000;1623357899999;0.099680000000000;1;0.000000000000000;0.000000000000000;0
1697;1623357900000;0.000566000000000;0.000566000000000;0.000565000000000;0.000565000000000;295.000000000000000;1623358799999;0.166705000000000;2;295.000000000000000;0.166705000000000;0
1698;1623358800000;0.000559000000000;0.000559000000000;0.000555000000000;0.000555000000000;6240.000000000000000;1623359699999;3.476001000000000;20;0.000000000000000;0.000000000000000;0
1699;1623359700000;0.000555000000000;0.000555000000000;0.000555000000000;0.000555000000000;0.000000000000000;1623360599999;0.000000000000000;0;0.000000000000000;0.000000000000000;0
1700;1623360600000;0.000564000000000;0.000564000000000;0.000564000000000;0.000564000000000;29.000000000000000;1623361499999;0.016356000000000;1;29.000000000000000;0.016356000000000;0
1701;1623361500000;0.000564000000000;0.000564000000000;0.000564000000000;0.000564000000000;0.000000000000000;1623362399999;0.000000000000000;0;0.000000000000000;0.000000000000000;0
1702;1623362400000;0.000554000000000;0.000554000000000;0.000553000000000;0.000553000000000;3207.000000000000000;1623363299999;1.773780000000000;5;0.000000000000000;0.000000000000000;0
1703;1623363300000;0.000554000000000;0.000554000000000;0.000554000000000;0.000554000000000;271.000000000000000;1623364199999;0.150134000000000;1;0.000000000000000;0.000000000000000;0
1704;1623364200000;0.000553000000000;0.000553000000000;0.000553000000000;0.000553000000000;180.000000000000000;1623365099999;0.099540000000000;1;0.000000000000000;0.000000000000000;0
1705;1623365100000;0.000553000000000;0.000554000000000;0.000549000000000;0.000554000000000;1685.000000000000000;1623365999999;0.927988000000000;6;29.000000000000000;0.016066000000000;0
1706;1623366000000;0.000547000000000;0.000547000000000;0.000543000000000;0.000543000000000;2278.000000000000000;1623366899999;1.241182000000000;17;0.000000000000000;0.000000000000000;0
1707;1623366900000;0.000545000000000;0.000545000000000;0.000545000000000;0.000545000000000;150.000000000000000;1623367799999;0.081750000000000;1;0.000000000000000;0.000000000000000;0
1708;1623367800000;0.000549000000000;0.000549000000000;0.000549000000000;0.000549000000000;608.000000000000000;1623368699999;0.333792000000000;2;608.000000000000000;0.333792000000000;0
1709;1623368700000;0.000549000000000;0.000549000000000;0.000549000000000;0.000549000000000;0.000000000000000;1623369599999;0.000000000000000;0;0.000000000000000;0.000000000000000;0
1710;1623370500000;0.000549000000000;0.000549000000000;0.000545000000000;0.000545000000000;7918.000000000000000;1623371399999;4.335110000000000;5;4583.000000000000000;2.516067000000000;0
1711;1623371400000;0.000551000000000;0.000551000000000;0.000551000000000;0.000551000000000;26.000000000000000;1623372299999;0.014326000000000;1;26.000000000000000;0.014326000000000;0
1712;1623372300000;0.000543000000000;0.000543000000000;0.000539000000000;0.000539000000000;9825.000000000000000;1623373199999;5.317373000000000;24;0.000000000000000;0.000000000000000;0
1713;1623373200000;0.000538000000000;0.000543000000000;0.000537000000000;0.000543000000000;38636.000000000000000;1623374099999;20.748100000000001;9;60.000000000000000;0.032580000000000;0
1714;1623374100000;0.000543000000000;0.000543000000000;0.000543000000000;0.000543000000000;11947.000000000000000;1623374999999;6.487221000000000;3;11947.000000000000000;6.487221000000000;0
1715;1623375000000;0.000543000000000;0.000548000000000;0.000542000000000;0.000542000000000;3228.000000000000000;1623375899999;1.752210000000000;3;2509.000000000000000;1.362512000000000;0
1716;1623375900000;0.000541000000000;0.000541000000000;0.000541000000000;0.000541000000000;5558.000000000000000;1623376799999;3.006878000000000;8;0.000000000000000;0.000000000000000;0
1717;1623376800000;0.000540000000000;0.000540000000000;0.000536000000000;0.000536000000000;2355.000000000000000;1623377699999;1.266381000000000;10;0.000000000000000;0.000000000000000;0
1718;1623377700000;0.000536000000000;0.000538000000000;0.000533000000000;0.000538000000000;13491.000000000000000;1623378599999;7.215836000000000;11;268.000000000000000;0.144184000000000;0
1719;1623378600000;0.000543000000000;0.000544000000000;0.000543000000000;0.000544000000000;284.000000000000000;1623379499999;0.154310000000000;2;284.000000000000000;0.154310000000000;0
1720;1623379500000;0.000547000000000;0.000547000000000;0.000547000000000;0.000547000000000;32.000000000000000;1623380399999;0.017504000000000;1;32.000000000000000;0.017504000000000;0
1721;1623380400000;0.000541000000000;0.000547000000000;0.000540000000000;0.000540000000000;1042.000000000000000;1623381299999;0.563104000000000;4;26.000000000000000;0.014222000000000;0
1722;1623381300000;0.000545000000000;0.000545000000000;0.000540000000000;0.000540000000000;432.000000000000000;1623382199999;0.233435000000000;2;31.000000000000000;0.016895000000000;0
1723;1623382200000;0.000537000000000;0.000537000000000;0.000537000000000;0.000537000000000;893.000000000000000;1623383099999;0.479541000000000;2;0.000000000000000;0.000000000000000;0
1724;1623383100000;0.000540000000000;0.000540000000000;0.000540000000000;0.000540000000000;30.000000000000000;1623383999999;0.016200000000000;1;30.000000000000000;0.016200000000000;0
1725;1623384000000;0.000543000000000;0.000543000000000;0.000543000000000;0.000543000000000;32.000000000000000;1623384899999;0.017376000000000;1;32.000000000000000;0.017376000000000;0
1726;1623384900000;0.000543000000000;0.000543000000000;0.000543000000000;0.000543000000000;0.000000000000000;1623385799999;0.000000000000000;0;0.000000000000000;0.000000000000000;0
1727;1623385800000;0.000543000000000;0.000543000000000;0.000543000000000;0.000543000000000;35.000000000000000;1623386699999;0.019005000000000;1;35.000000000000000;0.019005000000000;0
1728;1623386700000;0.000536000000000;0.000536000000000;0.000535000000000;0.000535000000000;639.000000000000000;1623387599999;0.342135000000000;5;0.000000000000000;0.000000000000000;0
1729;1623387600000;0.000533000000000;0.000536000000000;0.000531000000000;0.000536000000000;1658.000000000000000;1623388499999;0.885069000000000;10;600.000000000000000;0.321600000000000;0
1730;1623388500000;0.000538000000000;0.000538000000000;0.000538000000000;0.000538000000000;285.000000000000000;1623389399999;0.153330000000000;3;285.000000000000000;0.153330000000000;0
1731;1623389400000;0.000538000000000;0.000538000000000;0.000538000000000;0.000538000000000;0.000000000000000;1623390299999;0.000000000000000;0;0.000000000000000;0.000000000000000;0
1732;1623390300000;0.000538000000000;0.000538000000000;0.000538000000000;0.000538000000000;0.000000000000000;1623391199999;0.000000000000000;0;0.000000000000000;0.000000000000000;0
1733;1623391200000;0.000532000000000;0.000532000000000;0.000532000000000;0.000532000000000;787.000000000000000;1623392099999;0.418684000000000;6;0.000000000000000;0.000000000000000;0
1734;1623392100000;0.000531000000000;0.000531000000000;0.000531000000000;0.000531000000000;164.000000000000000;1623392999999;0.087084000000000;1;0.000000000000000;0.000000000000000;0
1735;1623393000000;0.000531000000000;0.000534000000000;0.000529000000000;0.000529000000000;3529.000000000000000;1623393899999;1.881889000000000;4;2730.000000000000000;1.457820000000000;0
1736;1623393900000;0.000529000000000;0.000529000000000;0.000529000000000;0.000529000000000;959.000000000000000;1623394799999;0.507311000000000;3;0.000000000000000;0.000000000000000;0
1737;1623394800000;0.000529000000000;0.000529000000000;0.000529000000000;0.000529000000000;0.000000000000000;1623395699999;0.000000000000000;0;0.000000000000000;0.000000000000000;0
1738;1623395700000;0.000538000000000;0.000546000000000;0.000538000000000;0.000546000000000;6101.000000000000000;1623396599999;3.327283000000000;5;6101.000000000000000;3.327283000000000;0
1739;1623396600000;0.000537000000000;0.000537000000000;0.000537000000000;0.000537000000000;186.000000000000000;1623397499999;0.099882000000000;1;0.000000000000000;0.000000000000000;0
1740;1623397500000;0.000537000000000;0.000537000000000;0.000537000000000;0.000537000000000;0.000000000000000;1623398399999;0.000000000000000;0;0.000000000000000;0.000000000000000;0
1741;1623398400000;0.000543000000000;0.000543000000000;0.000543000000000;0.000543000000000;186.000000000000000;1623399299999;0.100998000000000;1;186.000000000000000;0.100998000000000;0
1742;1623399300000;0.000543000000000;0.000543000000000;0.000543000000000;0.000543000000000;0.000000000000000;1623400199999;0.000000000000000;0;0.000000000000000;0.000000000000000;0
1743;1623400200000;0.000537000000000;0.000539000000000;0.000534000000000;0.000534000000000;8648.000000000000000;1623401099999;4.632278000000000;7;34.000000000000000;0.018326000000000;0
1744;1623401100000;0.000534000000000;0.000534000000000;0.000534000000000;0.000534000000000;126.000000000000000;1623401999999;0.067284000000000;1;126.000000000000000;0.067284000000000;0
1745;1623402000000;0.000538000000000;0.000542000000000;0.000536000000000;0.000542000000000;13755.000000000000000;1623402899999;7.438420000000000;6;10921.000000000000000;5.919182000000000;0
1746;1623402900000;0.000542000000000;0.000542000000000;0.000542000000000;0.000542000000000;0.000000000000000;1623403799999;0.000000000000000;0;0.000000000000000;0.000000000000000;0
1747;1623403800000;0.000532000000000;0.000538000000000;0.000532000000000;0.000538000000000;486.000000000000000;1623404699999;0.259674000000000;4;187.000000000000000;0.100606000000000;0
1748;1623404700000;0.000532000000000;0.000532000000000;0.000531000000000;0.000531000000000;10611.000000000000000;1623405599999;5.641546000000000;10;130.000000000000000;0.069160000000000;0
1749;1623405600000;0.000529000000000;0.000529000000000;0.000527000000000;0.000527000000000;13386.000000000000000;1623406499999;7.079004000000000;11;0.000000000000000;0.000000000000000;0
1750;1623406500000;0.000531000000000;0.000539000000000;0.000531000000000;0.000539000000000;12375.000000000000000;1623407399999;6.575554000000000;4;11985.000000000000000;6.365344000000000;0
1751;1623407400000;0.000539000000000;0.000539000000000;0.000539000000000;0.000539000000000;0.000000000000000;1623408299999;0.000000000000000;0;0.000000000000000;0.000000000000000;0
1752;1623408300000;0.000537000000000;0.000537000000000;0.000537000000000;0.000537000000000;103.000000000000000;1623409199999;0.055311000000000;1;0.000000000000000;0.000000000000000;0
1753;1623409200000;0.000532000000000;0.000532000000000;0.000532000000000;0.000532000000000;187.000000000000000;1623410099999;0.099484000000000;1;0.000000000000000;0.000000000000000;0
1754;1623410100000;0.000528000000000;0.000528000000000;0.000524000000000;0.000524000000000;9727.000000000000000;1623410999999;5.124377000000000;16;0.000000000000000;0.000000000000000;0
1755;1623411000000;0.000523000000000;0.000524000000000;0.000522000000000;0.000524000000000;4962.000000000000000;1623411899999;2.590480000000000;6;0.000000000000000;0.000000000000000;0
1756;1623411900000;0.000524000000000;0.000524000000000;0.000524000000000;0.000524000000000;0.000000000000000;1623412799999;0.000000000000000;0;0.000000000000000;0.000000000000000;0
1757;1623412800000;0.000520000000000;0.000526000000000;0.000520000000000;0.000526000000000;1150.000000000000000;1623413699999;0.601885000000000;7;770.000000000000000;0.404285000000000;0
1758;1623413700000;0.000521000000000;0.000521000000000;0.000521000000000;0.000521000000000;156.000000000000000;1623414599999;0.081276000000000;1;0.000000000000000;0.000000000000000;0
1759;1623414600000;0.000521000000000;0.000521000000000;0.000521000000000;0.000521000000000;98.000000000000000;1623415499999;0.051058000000000;1;0.000000000000000;0.000000000000000;0
1760;1623415500000;0.000521000000000;0.000521000000000;0.000521000000000;0.000521000000000;0.000000000000000;1623416399999;0.000000000000000;0;0.000000000000000;0.000000000000000;0
1761;1623416400000;0.000526000000000;0.000526000000000;0.000526000000000;0.000526000000000;156.000000000000000;1623417299999;0.082056000000000;1;156.000000000000000;0.082056000000000;0
1762;1623417300000;0.000526000000000;0.000526000000000;0.000526000000000;0.000526000000000;1.000000000000000;1623418199999;0.000526000000000;1;1.000000000000000;0.000526000000000;0
1763;1623418200000;0.000531000000000;0.000531000000000;0.000531000000000;0.000531000000000;30.000000000000000;1623419099999;0.015930000000000;1;30.000000000000000;0.015930000000000;0
1764;1623419100000;0.000531000000000;0.000531000000000;0.000526000000000;0.000526000000000;7639.000000000000000;1623419999999;4.028114000000000;3;2000.000000000000000;1.062000000000000;0
1765;1623420000000;0.000521000000000;0.000527000000000;0.000521000000000;0.000527000000000;1793.000000000000000;1623420899999;0.942145000000000;5;1332.000000000000000;0.701964000000000;0
1766;1623420900000;0.000527000000000;0.000527000000000;0.000527000000000;0.000527000000000;0.000000000000000;1623421799999;0.000000000000000;0;0.000000000000000;0.000000000000000;0
1767;1623421800000;0.000527000000000;0.000527000000000;0.000527000000000;0.000527000000000;0.000000000000000;1623422699999;0.000000000000000;0;0.000000000000000;0.000000000000000;0
1768;1623422700000;0.000527000000000;0.000527000000000;0.000521000000000;0.000521000000000;3381.000000000000000;1623423599999;1.762101000000000;7;100.000000000000000;0.052700000000000;0
1769;1623423600000;0.000521000000000;0.000521000000000;0.000520000000000;0.000520000000000;5120.000000000000000;1623424499999;2.662901000000000;4;0.000000000000000;0.000000000000000;0
1770;1623424500000;0.000520000000000;0.000520000000000;0.000517000000000;0.000519000000000;3509.000000000000000;1623425399999;1.818131000000000;15;0.000000000000000;0.000000000000000;0
1771;1623425400000;0.000526000000000;0.000527000000000;0.000526000000000;0.000527000000000;200.000000000000000;1623426299999;0.105208000000000;2;200.000000000000000;0.105208000000000;0
1772;1623426300000;0.000527000000000;0.000532000000000;0.000527000000000;0.000532000000000;853.000000000000000;1623427199999;0.450951000000000;4;853.000000000000000;0.450951000000000;0
1773;1623427200000;0.000526000000000;0.000526000000000;0.000526000000000;0.000526000000000;190.000000000000000;1623428099999;0.099940000000000;1;0.000000000000000;0.000000000000000;0
1774;1623428100000;0.000526000000000;0.000526000000000;0.000526000000000;0.000526000000000;0.000000000000000;1623428999999;0.000000000000000;0;0.000000000000000;0.000000000000000;0
1775;1623429000000;0.000520000000000;0.000520000000000;0.000517000000000;0.000517000000000;851.000000000000000;1623429899999;0.440811000000000;6;0.000000000000000;0.000000000000000;0
1776;1623429900000;0.000516000000000;0.000516000000000;0.000514000000000;0.000514000000000;4320.000000000000000;1623430799999;2.224560000000000;17;0.000000000000000;0.000000000000000;0
1777;1623430800000;0.000518000000000;0.000518000000000;0.000518000000000;0.000518000000000;1002.000000000000000;1623431699999;0.519036000000000;1;1002.000000000000000;0.519036000000000;0
1778;1623431700000;0.000517000000000;0.000517000000000;0.000511000000000;0.000511000000000;3208.000000000000000;1623432599999;1.647559000000000;14;0.000000000000000;0.000000000000000;0
1779;1623432600000;0.000510000000000;0.000513000000000;0.000506000000000;0.000506000000000;6227.000000000000000;1623433499999;3.161858000000000;14;30.000000000000000;0.015390000000000;0
1780;1623433500000;0.000513000000000;0.000513000000000;0.000513000000000;0.000513000000000;566.000000000000000;1623434399999;0.290358000000000;3;566.000000000000000;0.290358000000000;0
1781;1623434400000;0.000513000000000;0.000516000000000;0.000507000000000;0.000510000000000;3339.000000000000000;1623435299999;1.714745000000000;9;746.000000000000000;0.384171000000000;0
1782;1623435300000;0.000507000000000;0.000507000000000;0.000503000000000;0.000503000000000;1848.000000000000000;1623436199999;0.932001000000000;14;0.000000000000000;0.000000000000000;0
1783;1623436200000;0.000506000000000;0.000506000000000;0.000506000000000;0.000506000000000;1882.000000000000000;1623437099999;0.952292000000000;1;1882.000000000000000;0.952292000000000;0
1784;1623437100000;0.000506000000000;0.000506000000000;0.000506000000000;0.000506000000000;0.000000000000000;1623437999999;0.000000000000000;0;0.000000000000000;0.000000000000000;0
1785;1623438000000;0.000506000000000;0.000506000000000;0.000506000000000;0.000506000000000;538.000000000000000;1623438899999;0.272228000000000;1;0.000000000000000;0.000000000000000;0
1786;1623438900000;0.000506000000000;0.000506000000000;0.000506000000000;0.000506000000000;0.000000000000000;1623439799999;0.000000000000000;0;0.000000000000000;0.000000000000000;0
1787;1623439800000;0.000504000000000;0.000506000000000;0.000504000000000;0.000506000000000;601.000000000000000;1623440699999;0.303104000000000;6;100.000000000000000;0.050600000000000;0
1788;1623440700000;0.000504000000000;0.000506000000000;0.000503000000000;0.000505000000000;920.000000000000000;1623441599999;0.464015000000000;7;124.000000000000000;0.062620000000000;0
1789;1623441600000;0.000502000000000;0.000504000000000;0.000502000000000;0.000504000000000;1626.000000000000000;1623442499999;0.816738000000000;8;170.000000000000000;0.085680000000000;0
1790;1623442500000;0.000502000000000;0.000502000000000;0.000502000000000;0.000502000000000;865.000000000000000;1623443399999;0.434230000000000;6;0.000000000000000;0.000000000000000;0
1791;1623443400000;0.000502000000000;0.000502000000000;0.000501000000000;0.000501000000000;747.000000000000000;1623444299999;0.374370000000000;5;0.000000000000000;0.000000000000000;0
1792;1623444300000;0.000500000000000;0.000500000000000;0.000500000000000;0.000500000000000;834.000000000000000;1623445199999;0.417000000000000;6;0.000000000000000;0.000000000000000;0
1793;1623445200000;0.000500000000000;0.000500000000000;0.000500000000000;0.000500000000000;0.000000000000000;1623446099999;0.000000000000000;0;0.000000000000000;0.000000000000000;0
1794;1623446100000;0.000500000000000;0.000500000000000;0.000500000000000;0.000500000000000;120.000000000000000;1623446999999;0.060000000000000;1;0.000000000000000;0.000000000000000;0
1795;1623447000000;0.000500000000000;0.000501000000000;0.000495000000000;0.000495000000000;3409.000000000000000;1623447899999;1.699262000000000;20;0.000000000000000;0.000000000000000;0
1796;1623447900000;0.000500000000000;0.000500000000000;0.000495000000000;0.000495000000000;1256.000000000000000;1623448799999;0.623695000000000;3;330.000000000000000;0.165000000000000;0
1797;1623448800000;0.000496000000000;0.000496000000000;0.000496000000000;0.000496000000000;222.000000000000000;1623449699999;0.110112000000000;1;0.000000000000000;0.000000000000000;0
1798;1623449700000;0.000505000000000;0.000508000000000;0.000505000000000;0.000508000000000;1294.000000000000000;1623450599999;0.656140000000000;3;1294.000000000000000;0.656140000000000;0
1799;1623450600000;0.000508000000000;0.000508000000000;0.000508000000000;0.000508000000000;0.000000000000000;1623451499999;0.000000000000000;0;0.000000000000000;0.000000000000000;0
1800;1623451500000;0.000508000000000;0.000508000000000;0.000508000000000;0.000508000000000;0.000000000000000;1623452399999;0.000000000000000;0;0.000000000000000;0.000000000000000;0
1801;1623452400000;0.000499000000000;0.000499000000000;0.000499000000000;0.000499000000000;200.000000000000000;1623453299999;0.099800000000000;1;0.000000000000000;0.000000000000000;0
1802;1623453300000;0.000497000000000;0.000497000000000;0.000495000000000;0.000495000000000;623.000000000000000;1623454199999;0.308765000000000;5;0.000000000000000;0.000000000000000;0
1803;1623454200000;0.000495000000000;0.000495000000000;0.000495000000000;0.000495000000000;128.000000000000000;1623455099999;0.063360000000000;1;0.000000000000000;0.000000000000000;0
1804;1623455100000;0.000495000000000;0.000495000000000;0.000495000000000;0.000495000000000;0.000000000000000;1623455999999;0.000000000000000;0;0.000000000000000;0.000000000000000;0
1805;1623456900000;0.000492000000000;0.000492000000000;0.000492000000000;0.000492000000000;0.000000000000000;1623457799999;0.000000000000000;0;0.000000000000000;0.000000000000000;0
1806;1623457800000;0.000492000000000;0.000492000000000;0.000492000000000;0.000492000000000;0.000000000000000;1623458699999;0.000000000000000;0;0.000000000000000;0.000000000000000;0
1807;1623458700000;0.000492000000000;0.000492000000000;0.000492000000000;0.000492000000000;0.000000000000000;1623459599999;0.000000000000000;0;0.000000000000000;0.000000000000000;0
1808;1623459600000;0.000492000000000;0.000492000000000;0.000492000000000;0.000492000000000;0.000000000000000;1623460499999;0.000000000000000;0;0.000000000000000;0.000000000000000;0
1809;1623460500000;0.000492000000000;0.000492000000000;0.000490000000000;0.000490000000000;3890.000000000000000;1623461399999;1.911078000000000;10;0.000000000000000;0.000000000000000;0
1810;1623461400000;0.000489000000000;0.000489000000000;0.000489000000000;0.000489000000000;1130.000000000000000;1623462299999;0.552570000000000;3;0.000000000000000;0.000000000000000;0
1811;1623462300000;0.000489000000000;0.000489000000000;0.000489000000000;0.000489000000000;0.000000000000000;1623463199999;0.000000000000000;0;0.000000000000000;0.000000000000000;0
1812;1623463200000;0.000489000000000;0.000491000000000;0.000489000000000;0.000491000000000;293.000000000000000;1623464099999;0.143655000000000;2;0.000000000000000;0.000000000000000;0
1813;1623464100000;0.000491000000000;0.000491000000000;0.000491000000000;0.000491000000000;0.000000000000000;1623464999999;0.000000000000000;0;0.000000000000000;0.000000000000000;0
1814;1623465000000;0.000491000000000;0.000491000000000;0.000491000000000;0.000491000000000;0.000000000000000;1623465899999;0.000000000000000;0;0.000000000000000;0.000000000000000;0
1815;1623465900000;0.000495000000000;0.000498000000000;0.000490000000000;0.000490000000000;3230.000000000000000;1623466799999;1.595568000000000;4;1685.000000000000000;0.838518000000000;0
1816;1623466800000;0.000490000000000;0.000490000000000;0.000490000000000;0.000490000000000;0.000000000000000;1623467699999;0.000000000000000;0;0.000000000000000;0.000000000000000;0
1817;1623467700000;0.000490000000000;0.000490000000000;0.000490000000000;0.000490000000000;0.000000000000000;1623468599999;0.000000000000000;0;0.000000000000000;0.000000000000000;0
1818;1623468600000;0.000491000000000;0.000491000000000;0.000491000000000;0.000491000000000;2082.000000000000000;1623469499999;1.022262000000000;5;625.000000000000000;0.306875000000000;0
1819;1623469500000;0.000498000000000;0.000498000000000;0.000498000000000;0.000498000000000;33.000000000000000;1623470399999;0.016434000000000;1;33.000000000000000;0.016434000000000;0
1820;1623470400000;0.000498000000000;0.000498000000000;0.000498000000000;0.000498000000000;0.000000000000000;1623471299999;0.000000000000000;0;0.000000000000000;0.000000000000000;0
1821;1623471300000;0.000490000000000;0.000490000000000;0.000490000000000;0.000490000000000;300.000000000000000;1623472199999;0.147000000000000;3;0.000000000000000;0.000000000000000;0
1822;1623472200000;0.000491000000000;0.000491000000000;0.000491000000000;0.000491000000000;278.000000000000000;1623473099999;0.136498000000000;1;0.000000000000000;0.000000000000000;0
1823;1623473100000;0.000491000000000;0.000491000000000;0.000491000000000;0.000491000000000;342.000000000000000;1623473999999;0.167922000000000;2;0.000000000000000;0.000000000000000;0
1824;1623474000000;0.000500000000000;0.000500000000000;0.000500000000000;0.000500000000000;202.000000000000000;1623474899999;0.101000000000000;1;202.000000000000000;0.101000000000000;0
1825;1623474900000;0.000496000000000;0.000496000000000;0.000496000000000;0.000496000000000;312.000000000000000;1623475799999;0.154752000000000;1;0.000000000000000;0.000000000000000;0
1826;1623475800000;0.000494000000000;0.000494000000000;0.000494000000000;0.000494000000000;202.000000000000000;1623476699999;0.099788000000000;1;0.000000000000000;0.000000000000000;0
1827;1623476700000;0.000494000000000;0.000494000000000;0.000494000000000;0.000494000000000;0.000000000000000;1623477599999;0.000000000000000;0;0.000000000000000;0.000000000000000;0
1828;1623477600000;0.000500000000000;0.000500000000000;0.000500000000000;0.000500000000000;202.000000000000000;1623478499999;0.101000000000000;1;202.000000000000000;0.101000000000000;0
1829;1623478500000;0.000501000000000;0.000501000000000;0.000501000000000;0.000501000000000;158.000000000000000;1623479399999;0.079158000000000;1;158.000000000000000;0.079158000000000;0
1830;1623479400000;0.000496000000000;0.000496000000000;0.000496000000000;0.000496000000000;582.000000000000000;1623480299999;0.288672000000000;3;0.000000000000000;0.000000000000000;0
1831;1623480300000;0.000496000000000;0.000496000000000;0.000496000000000;0.000496000000000;0.000000000000000;1623481199999;0.000000000000000;0;0.000000000000000;0.000000000000000;0
1832;1623481200000;0.000496000000000;0.000496000000000;0.000496000000000;0.000496000000000;0.000000000000000;1623482099999;0.000000000000000;0;0.000000000000000;0.000000000000000;0
1833;1623482100000;0.000496000000000;0.000496000000000;0.000496000000000;0.000496000000000;0.000000000000000;1623482999999;0.000000000000000;0;0.000000000000000;0.000000000000000;0
1834;1623483000000;0.000496000000000;0.000496000000000;0.000496000000000;0.000496000000000;0.000000000000000;1623483899999;0.000000000000000;0;0.000000000000000;0.000000000000000;0
1835;1623483900000;0.000496000000000;0.000496000000000;0.000493000000000;0.000493000000000;11670.000000000000000;1623484799999;5.762784000000000;9;0.000000000000000;0.000000000000000;0
1836;1623484800000;0.000496000000000;0.000496000000000;0.000493000000000;0.000493000000000;170.000000000000000;1623485699999;0.083903000000000;2;31.000000000000000;0.015376000000000;0
1837;1623485700000;0.000493000000000;0.000493000000000;0.000493000000000;0.000493000000000;378.000000000000000;1623486599999;0.186354000000000;2;0.000000000000000;0.000000000000000;0
1838;1623486600000;0.000496000000000;0.000496000000000;0.000496000000000;0.000496000000000;116.000000000000000;1623487499999;0.057536000000000;1;116.000000000000000;0.057536000000000;0
1839;1623487500000;0.000492000000000;0.000492000000000;0.000492000000000;0.000492000000000;141.000000000000000;1623488399999;0.069372000000000;1;0.000000000000000;0.000000000000000;0
1840;1623488400000;0.000491000000000;0.000491000000000;0.000491000000000;0.000491000000000;393.000000000000000;1623489299999;0.192963000000000;3;0.000000000000000;0.000000000000000;0
1841;1623489300000;0.000496000000000;0.000499000000000;0.000496000000000;0.000499000000000;2038.000000000000000;1623490199999;1.016860000000000;2;2038.000000000000000;1.016860000000000;0
1842;1623490200000;0.000499000000000;0.000499000000000;0.000499000000000;0.000499000000000;0.000000000000000;1623491099999;0.000000000000000;0;0.000000000000000;0.000000000000000;0
1843;1623491100000;0.000493000000000;0.000493000000000;0.000493000000000;0.000493000000000;440.000000000000000;1623491999999;0.216920000000000;3;0.000000000000000;0.000000000000000;0
1844;1623492000000;0.000493000000000;0.000493000000000;0.000493000000000;0.000493000000000;0.000000000000000;1623492899999;0.000000000000000;0;0.000000000000000;0.000000000000000;0
1845;1623492900000;0.000490000000000;0.000494000000000;0.000490000000000;0.000494000000000;12551.000000000000000;1623493799999;6.192178000000000;9;12436.000000000000000;6.135828000000000;0
1846;1623493800000;0.000496000000000;0.000497000000000;0.000496000000000;0.000497000000000;47221.000000000000000;1623494699999;23.427978000000000;13;47221.000000000000000;23.427978000000000;0
1847;1623494700000;0.000500000000000;0.000503000000000;0.000500000000000;0.000503000000000;34045.000000000000000;1623495599999;17.092324999999999;15;34045.000000000000000;17.092324999999999;0
1848;1623495600000;0.000499000000000;0.000499000000000;0.000498000000000;0.000498000000000;9641.000000000000000;1623496499999;4.804652000000000;4;0.000000000000000;0.000000000000000;0
1849;1623496500000;0.000497000000000;0.000497000000000;0.000493000000000;0.000493000000000;10430.000000000000000;1623497399999;5.175334000000000;7;0.000000000000000;0.000000000000000;0
1850;1623497400000;0.000492000000000;0.000493000000000;0.000489000000000;0.000489000000000;4005.000000000000000;1623498299999;1.965606000000000;13;0.000000000000000;0.000000000000000;0
1851;1623498300000;0.000489000000000;0.000489000000000;0.000489000000000;0.000489000000000;0.000000000000000;1623499199999;0.000000000000000;0;0.000000000000000;0.000000000000000;0
1852;1623499200000;0.000495000000000;0.000495000000000;0.000494000000000;0.000494000000000;5812.000000000000000;1623500099999;2.871332000000000;4;204.000000000000000;0.100980000000000;0
1853;1623500100000;0.000495000000000;0.000495000000000;0.000495000000000;0.000495000000000;37.000000000000000;1623500999999;0.018315000000000;1;37.000000000000000;0.018315000000000;0
1854;1623501000000;0.000495000000000;0.000495000000000;0.000495000000000;0.000495000000000;0.000000000000000;1623501899999;0.000000000000000;0;0.000000000000000;0.000000000000000;0
1855;1623501900000;0.000494000000000;0.000498000000000;0.000494000000000;0.000498000000000;6810.000000000000000;1623502799999;3.390828000000000;2;6672.000000000000000;3.322656000000000;0
1856;1623502800000;0.000495000000000;0.000497000000000;0.000495000000000;0.000497000000000;335.000000000000000;1623503699999;0.166243000000000;2;0.000000000000000;0.000000000000000;0
1857;1623503700000;0.000494000000000;0.000494000000000;0.000494000000000;0.000494000000000;481.000000000000000;1623504599999;0.237614000000000;1;0.000000000000000;0.000000000000000;0
1858;1623504600000;0.000500000000000;0.000500000000000;0.000500000000000;0.000500000000000;572.000000000000000;1623505499999;0.286000000000000;2;572.000000000000000;0.286000000000000;0
1859;1623505500000;0.000505000000000;0.000507000000000;0.000505000000000;0.000507000000000;319.000000000000000;1623506399999;0.161333000000000;2;319.000000000000000;0.161333000000000;0
1860;1623506400000;0.000503000000000;0.000503000000000;0.000502000000000;0.000502000000000;364.000000000000000;1623507299999;0.182852000000000;2;0.000000000000000;0.000000000000000;0
1861;1623507300000;0.000500000000000;0.000504000000000;0.000500000000000;0.000504000000000;1922.000000000000000;1623508199999;0.967706000000000;4;1705.000000000000000;0.859206000000000;0
1862;1623508200000;0.000503000000000;0.000509000000000;0.000503000000000;0.000509000000000;2959.000000000000000;1623509099999;1.501275000000000;3;2718.000000000000000;1.380052000000000;0
1863;1623509100000;0.000509000000000;0.000509000000000;0.000509000000000;0.000509000000000;0.000000000000000;1623509999999;0.000000000000000;0;0.000000000000000;0.000000000000000;0
1864;1623510000000;0.000510000000000;0.000514000000000;0.000510000000000;0.000514000000000;2784.000000000000000;1623510899999;1.422564000000000;14;2425.000000000000000;1.239474000000000;0
1865;1623510900000;0.000514000000000;0.000514000000000;0.000514000000000;0.000514000000000;0.000000000000000;1623511799999;0.000000000000000;0;0.000000000000000;0.000000000000000;0
1866;1623511800000;0.000514000000000;0.000527000000000;0.000514000000000;0.000527000000000;14339.000000000000000;1623512699999;7.466121000000000;25;14071.000000000000000;7.328101000000000;0
1867;1623512700000;0.000520000000000;0.000520000000000;0.000515000000000;0.000515000000000;13391.000000000000000;1623513599999;6.940985000000000;11;0.000000000000000;0.000000000000000;0
1868;1623513600000;0.000517000000000;0.000517000000000;0.000517000000000;0.000517000000000;28.000000000000000;1623514499999;0.014476000000000;1;28.000000000000000;0.014476000000000;0
1869;1623514500000;0.000512000000000;0.000512000000000;0.000510000000000;0.000510000000000;11989.000000000000000;1623515399999;6.137978000000000;2;0.000000000000000;0.000000000000000;0
1870;1623515400000;0.000510000000000;0.000515000000000;0.000508000000000;0.000508000000000;250.000000000000000;1623516299999;0.127456000000000;3;34.000000000000000;0.017510000000000;0
1871;1623516300000;0.000508000000000;0.000508000000000;0.000508000000000;0.000508000000000;0.000000000000000;1623517199999;0.000000000000000;0;0.000000000000000;0.000000000000000;0
1872;1623517200000;0.000511000000000;0.000511000000000;0.000511000000000;0.000511000000000;35.000000000000000;1623518099999;0.017885000000000;1;35.000000000000000;0.017885000000000;0
1873;1623518100000;0.000511000000000;0.000511000000000;0.000510000000000;0.000510000000000;2329.000000000000000;1623518999999;1.189218000000000;2;1428.000000000000000;0.729708000000000;0
1874;1623519000000;0.000510000000000;0.000510000000000;0.000510000000000;0.000510000000000;0.000000000000000;1623519899999;0.000000000000000;0;0.000000000000000;0.000000000000000;0
1875;1623519900000;0.000516000000000;0.000521000000000;0.000513000000000;0.000516000000000;21765.000000000000000;1623520799999;11.170759000000000;6;420.000000000000000;0.217690000000000;0
1876;1623520800000;0.000517000000000;0.000521000000000;0.000517000000000;0.000520000000000;20812.000000000000000;1623521699999;10.760555000000000;6;20672.000000000000000;10.688174999999999;0
1877;1623521700000;0.000521000000000;0.000522000000000;0.000512000000000;0.000512000000000;354.000000000000000;1623522599999;0.182102000000000;4;30.000000000000000;0.015632000000000;0
1878;1623522600000;0.000511000000000;0.000520000000000;0.000511000000000;0.000520000000000;321.000000000000000;1623523499999;0.164328000000000;3;33.000000000000000;0.017160000000000;0
1879;1623523500000;0.000510000000000;0.000510000000000;0.000509000000000;0.000509000000000;578.000000000000000;1623524399999;0.294650000000000;4;0.000000000000000;0.000000000000000;0
1880;1623524400000;0.000513000000000;0.000513000000000;0.000513000000000;0.000513000000000;36.000000000000000;1623525299999;0.018468000000000;1;36.000000000000000;0.018468000000000;0
1881;1623525300000;0.000504000000000;0.000504000000000;0.000504000000000;0.000504000000000;216.000000000000000;1623526199999;0.108864000000000;2;0.000000000000000;0.000000000000000;0
1882;1623526200000;0.000504000000000;0.000504000000000;0.000503000000000;0.000503000000000;4331.000000000000000;1623527099999;2.182226000000000;7;0.000000000000000;0.000000000000000;0
1883;1623527100000;0.000502000000000;0.000502000000000;0.000502000000000;0.000502000000000;902.000000000000000;1623527999999;0.452804000000000;2;0.000000000000000;0.000000000000000;0
1884;1623528000000;0.000507000000000;0.000507000000000;0.000507000000000;0.000507000000000;199.000000000000000;1623528899999;0.100893000000000;1;199.000000000000000;0.100893000000000;0
1885;1623528900000;0.000506000000000;0.000506000000000;0.000506000000000;0.000506000000000;28.000000000000000;1623529799999;0.014168000000000;1;28.000000000000000;0.014168000000000;0
1886;1623529800000;0.000507000000000;0.000507000000000;0.000505000000000;0.000505000000000;3758.000000000000000;1623530699999;1.905060000000000;3;3635.000000000000000;1.842945000000000;0
1887;1623530700000;0.000510000000000;0.000512000000000;0.000510000000000;0.000512000000000;663.000000000000000;1623531599999;0.339060000000000;2;663.000000000000000;0.339060000000000;0
1888;1623531600000;0.000515000000000;0.000531000000000;0.000514000000000;0.000519000000000;42111.000000000000000;1623532499999;22.049382999999999;20;36660.000000000000000;19.247209999999999;0
1889;1623532500000;0.000515000000000;0.000515000000000;0.000515000000000;0.000515000000000;1790.000000000000000;1623533399999;0.921850000000000;2;0.000000000000000;0.000000000000000;0
1890;1623533400000;0.000515000000000;0.000515000000000;0.000515000000000;0.000515000000000;0.000000000000000;1623534299999;0.000000000000000;0;0.000000000000000;0.000000000000000;0
1891;1623534300000;0.000511000000000;0.000511000000000;0.000510000000000;0.000510000000000;6065.000000000000000;1623535199999;3.099020000000000;3;0.000000000000000;0.000000000000000;0
1892;1623535200000;0.000508000000000;0.000508000000000;0.000507000000000;0.000507000000000;10437.000000000000000;1623536099999;5.294345000000000;5;0.000000000000000;0.000000000000000;0
1893;1623536100000;0.000506000000000;0.000512000000000;0.000504000000000;0.000504000000000;795.000000000000000;1623536999999;0.401962000000000;6;147.000000000000000;0.074694000000000;0
1894;1623537000000;0.000503000000000;0.000503000000000;0.000503000000000;0.000503000000000;433.000000000000000;1623537899999;0.217799000000000;3;0.000000000000000;0.000000000000000;0
1895;1623537900000;0.000503000000000;0.000503000000000;0.000503000000000;0.000503000000000;0.000000000000000;1623538799999;0.000000000000000;0;0.000000000000000;0.000000000000000;0
1896;1623538800000;0.000503000000000;0.000503000000000;0.000503000000000;0.000503000000000;160.000000000000000;1623539699999;0.080480000000000;1;0.000000000000000;0.000000000000000;0
1897;1623539700000;0.000503000000000;0.000503000000000;0.000503000000000;0.000503000000000;0.000000000000000;1623540599999;0.000000000000000;0;0.000000000000000;0.000000000000000;0
1898;1623540600000;0.000510000000000;0.000510000000000;0.000510000000000;0.000510000000000;29.000000000000000;1623541499999;0.014790000000000;1;29.000000000000000;0.014790000000000;0
1899;1623541500000;0.000502000000000;0.000502000000000;0.000498000000000;0.000498000000000;4377.000000000000000;1623542399999;2.188599000000000;16;0.000000000000000;0.000000000000000;0
1900;1623543300000;0.000495000000000;0.000495000000000;0.000495000000000;0.000495000000000;0.000000000000000;1623544199999;0.000000000000000;0;0.000000000000000;0.000000000000000;0
1901;1623544200000;0.000496000000000;0.000496000000000;0.000496000000000;0.000496000000000;226.000000000000000;1623545099999;0.112096000000000;1;0.000000000000000;0.000000000000000;0
1902;1623545100000;0.000505000000000;0.000510000000000;0.000505000000000;0.000510000000000;829.000000000000000;1623545999999;0.420870000000000;3;829.000000000000000;0.420870000000000;0
1903;1623546000000;0.000515000000000;0.000519000000000;0.000513000000000;0.000518000000000;14676.000000000000000;1623546899999;7.550880000000000;8;6286.000000000000000;3.243767000000000;0
1904;1623546900000;0.000520000000000;0.000526000000000;0.000520000000000;0.000521000000000;39109.000000000000000;1623547799999;20.451803000000002;11;38018.000000000000000;19.883392000000001;0
1905;1623547800000;0.000526000000000;0.000526000000000;0.000515000000000;0.000515000000000;652.000000000000000;1623548699999;0.338511000000000;5;266.000000000000000;0.138761000000000;0
1906;1623548700000;0.000517000000000;0.000526000000000;0.000517000000000;0.000526000000000;464.000000000000000;1623549599999;0.241735000000000;3;313.000000000000000;0.163668000000000;0
1907;1623549600000;0.000526000000000;0.000526000000000;0.000526000000000;0.000526000000000;0.000000000000000;1623550499999;0.000000000000000;0;0.000000000000000;0.000000000000000;0
1908;1623550500000;0.000516000000000;0.000521000000000;0.000516000000000;0.000521000000000;149.000000000000000;1623551399999;0.077034000000000;2;30.000000000000000;0.015630000000000;0
1909;1623551400000;0.000515000000000;0.000515000000000;0.000515000000000;0.000515000000000;194.000000000000000;1623552299999;0.099910000000000;2;0.000000000000000;0.000000000000000;0
1910;1623552300000;0.000514000000000;0.000514000000000;0.000514000000000;0.000514000000000;234.000000000000000;1623553199999;0.120276000000000;1;0.000000000000000;0.000000000000000;0
1911;1623553200000;0.000511000000000;0.000511000000000;0.000511000000000;0.000511000000000;122.000000000000000;1623554099999;0.062342000000000;1;0.000000000000000;0.000000000000000;0
1912;1623554100000;0.000510000000000;0.000510000000000;0.000507000000000;0.000507000000000;394.000000000000000;1623554999999;0.200343000000000;2;0.000000000000000;0.000000000000000;0
1913;1623555000000;0.000506000000000;0.000506000000000;0.000506000000000;0.000506000000000;123.000000000000000;1623555899999;0.062238000000000;1;0.000000000000000;0.000000000000000;0
1914;1623555900000;0.000504000000000;0.000504000000000;0.000501000000000;0.000501000000000;2276.000000000000000;1623556799999;1.143786000000000;9;0.000000000000000;0.000000000000000;0
1915;1623556800000;0.000501000000000;0.000501000000000;0.000501000000000;0.000501000000000;0.000000000000000;1623557699999;0.000000000000000;0;0.000000000000000;0.000000000000000;0
1916;1623557700000;0.000501000000000;0.000501000000000;0.000501000000000;0.000501000000000;59.000000000000000;1623558599999;0.029559000000000;1;0.000000000000000;0.000000000000000;0
1917;1623558600000;0.000505000000000;0.000505000000000;0.000505000000000;0.000505000000000;31.000000000000000;1623559499999;0.015655000000000;1;31.000000000000000;0.015655000000000;0
1918;1623559500000;0.000505000000000;0.000505000000000;0.000505000000000;0.000505000000000;0.000000000000000;1623560399999;0.000000000000000;0;0.000000000000000;0.000000000000000;0
1919;1623560400000;0.000501000000000;0.000501000000000;0.000501000000000;0.000501000000000;366.000000000000000;1623561299999;0.183366000000000;3;0.000000000000000;0.000000000000000;0
1920;1623561300000;0.000499000000000;0.000504000000000;0.000498000000000;0.000504000000000;816.000000000000000;1623562199999;0.406879000000000;6;31.000000000000000;0.015624000000000;0
1921;1623562200000;0.000504000000000;0.000504000000000;0.000504000000000;0.000504000000000;0.000000000000000;1623563099999;0.000000000000000;0;0.000000000000000;0.000000000000000;0
1922;1623563100000;0.000504000000000;0.000504000000000;0.000498000000000;0.000498000000000;466.000000000000000;1623563999999;0.232692000000000;4;104.000000000000000;0.052416000000000;0
1923;1623564000000;0.000498000000000;0.000498000000000;0.000498000000000;0.000498000000000;0.000000000000000;1623564899999;0.000000000000000;0;0.000000000000000;0.000000000000000;0
1924;1623564900000;0.000498000000000;0.000498000000000;0.000498000000000;0.000498000000000;0.000000000000000;1623565799999;0.000000000000000;0;0.000000000000000;0.000000000000000;0
1925;1623565800000;0.000504000000000;0.000504000000000;0.000504000000000;0.000504000000000;34.000000000000000;1623566699999;0.017136000000000;1;34.000000000000000;0.017136000000000;0
1926;1623566700000;0.000500000000000;0.000500000000000;0.000499000000000;0.000499000000000;2210.000000000000000;1623567599999;1.104875000000000;2;0.000000000000000;0.000000000000000;0
1927;1623567600000;0.000499000000000;0.000499000000000;0.000499000000000;0.000499000000000;0.000000000000000;1623568499999;0.000000000000000;0;0.000000000000000;0.000000000000000;0
1928;1623568500000;0.000499000000000;0.000499000000000;0.000499000000000;0.000499000000000;0.000000000000000;1623569399999;0.000000000000000;0;0.000000000000000;0.000000000000000;0
1929;1623569400000;0.000499000000000;0.000499000000000;0.000499000000000;0.000499000000000;0.000000000000000;1623570299999;0.000000000000000;0;0.000000000000000;0.000000000000000;0
1930;1623570300000;0.000499000000000;0.000499000000000;0.000499000000000;0.000499000000000;0.000000000000000;1623571199999;0.000000000000000;0;0.000000000000000;0.000000000000000;0
1931;1623571200000;0.000504000000000;0.000504000000000;0.000504000000000;0.000504000000000;29.000000000000000;1623572099999;0.014616000000000;1;29.000000000000000;0.014616000000000;0
1932;1623572100000;0.000504000000000;0.000504000000000;0.000504000000000;0.000504000000000;0.000000000000000;1623572999999;0.000000000000000;0;0.000000000000000;0.000000000000000;0
1933;1623573000000;0.000505000000000;0.000512000000000;0.000505000000000;0.000512000000000;15670.000000000000000;1623573899999;8.003373000000000;5;15670.000000000000000;8.003373000000000;0
1934;1623573900000;0.000505000000000;0.000505000000000;0.000504000000000;0.000504000000000;460.000000000000000;1623574799999;0.231963000000000;3;0.000000000000000;0.000000000000000;0
1935;1623574800000;0.000504000000000;0.000504000000000;0.000504000000000;0.000504000000000;0.000000000000000;1623575699999;0.000000000000000;0;0.000000000000000;0.000000000000000;0
1936;1623575700000;0.000504000000000;0.000504000000000;0.000504000000000;0.000504000000000;0.000000000000000;1623576599999;0.000000000000000;0;0.000000000000000;0.000000000000000;0
1937;1623576600000;0.000507000000000;0.000507000000000;0.000507000000000;0.000507000000000;234.000000000000000;1623577499999;0.118638000000000;1;234.000000000000000;0.118638000000000;0
1938;1623577500000;0.000505000000000;0.000505000000000;0.000505000000000;0.000505000000000;1980.000000000000000;1623578399999;0.999900000000000;1;0.000000000000000;0.000000000000000;0
1939;1623578400000;0.000510000000000;0.000511000000000;0.000504000000000;0.000505000000000;3320.000000000000000;1623579299999;1.684859000000000;11;1660.000000000000000;0.847666000000000;0
1940;1623579300000;0.000511000000000;0.000511000000000;0.000511000000000;0.000511000000000;33.000000000000000;1623580199999;0.016863000000000;1;33.000000000000000;0.016863000000000;0
1941;1623580200000;0.000504000000000;0.000504000000000;0.000504000000000;0.000504000000000;198.000000000000000;1623581099999;0.099792000000000;1;0.000000000000000;0.000000000000000;0
1942;1623581100000;0.000503000000000;0.000503000000000;0.000503000000000;0.000503000000000;124.000000000000000;1623581999999;0.062372000000000;1;0.000000000000000;0.000000000000000;0
1943;1623582000000;0.000503000000000;0.000503000000000;0.000503000000000;0.000503000000000;0.000000000000000;1623582899999;0.000000000000000;0;0.000000000000000;0.000000000000000;0
1944;1623582900000;0.000506000000000;0.000506000000000;0.000506000000000;0.000506000000000;28463.000000000000000;1623583799999;14.402278000000001;2;0.000000000000000;0.000000000000000;0
1945;1623583800000;0.000510000000000;0.000510000000000;0.000510000000000;0.000510000000000;29.000000000000000;1623584699999;0.014790000000000;1;29.000000000000000;0.014790000000000;0
1946;1623584700000;0.000510000000000;0.000510000000000;0.000508000000000;0.000509000000000;2038.000000000000000;1623585599999;1.035396000000000;5;2038.000000000000000;1.035396000000000;0
1947;1623585600000;0.000504000000000;0.000504000000000;0.000504000000000;0.000504000000000;1008.000000000000000;1623586499999;0.508032000000000;3;0.000000000000000;0.000000000000000;0
1948;1623586500000;0.000509000000000;0.000510000000000;0.000502000000000;0.000502000000000;1242.000000000000000;1623587399999;0.628434000000000;9;600.000000000000000;0.305754000000000;0
1949;1623587400000;0.000502000000000;0.000502000000000;0.000502000000000;0.000502000000000;0.000000000000000;1623588299999;0.000000000000000;0;0.000000000000000;0.000000000000000;0
1950;1623588300000;0.000502000000000;0.000502000000000;0.000502000000000;0.000502000000000;0.000000000000000;1623589199999;0.000000000000000;0;0.000000000000000;0.000000000000000;0
1951;1623589200000;0.000501000000000;0.000503000000000;0.000501000000000;0.000503000000000;3021.000000000000000;1623590099999;1.515001000000000;3;636.000000000000000;0.319908000000000;0
1952;1623590100000;0.000503000000000;0.000503000000000;0.000503000000000;0.000503000000000;0.000000000000000;1623590999999;0.000000000000000;0;0.000000000000000;0.000000000000000;0
1953;1623591000000;0.000501000000000;0.000501000000000;0.000500000000000;0.000500000000000;9710.000000000000000;1623591899999;4.864341000000000;4;0.000000000000000;0.000000000000000;0
1954;1623591900000;0.000506000000000;0.000506000000000;0.000506000000000;0.000506000000000;34.000000000000000;1623592799999;0.017204000000000;1;34.000000000000000;0.017204000000000;0
1955;1623592800000;0.000501000000000;0.000501000000000;0.000501000000000;0.000501000000000;115.000000000000000;1623593699999;0.057615000000000;1;0.000000000000000;0.000000000000000;0
1956;1623593700000;0.000501000000000;0.000501000000000;0.000499000000000;0.000501000000000;590.000000000000000;1623594599999;0.295190000000000;3;29.000000000000000;0.014529000000000;0
1957;1623594600000;0.000498000000000;0.000498000000000;0.000498000000000;0.000498000000000;122.000000000000000;1623595499999;0.060756000000000;1;0.000000000000000;0.000000000000000;0
1958;1623595500000;0.000497000000000;0.000497000000000;0.000496000000000;0.000496000000000;929.000000000000000;1623596399999;0.461250000000000;9;0.000000000000000;0.000000000000000;0
1959;1623596400000;0.000501000000000;0.000501000000000;0.000501000000000;0.000501000000000;12346.000000000000000;1623597299999;6.185346000000000;2;12346.000000000000000;6.185346000000000;0
1960;1623597300000;0.000501000000000;0.000501000000000;0.000501000000000;0.000501000000000;501.000000000000000;1623598199999;0.251001000000000;1;0.000000000000000;0.000000000000000;0
1961;1623598200000;0.000498000000000;0.000498000000000;0.000498000000000;0.000498000000000;1052.000000000000000;1623599099999;0.523896000000000;3;0.000000000000000;0.000000000000000;0
1962;1623599100000;0.000503000000000;0.000504000000000;0.000503000000000;0.000504000000000;342.000000000000000;1623599999999;0.172129000000000;2;342.000000000000000;0.172129000000000;0
1963;1623600000000;0.000498000000000;0.000498000000000;0.000498000000000;0.000498000000000;120.000000000000000;1623600899999;0.059760000000000;1;0.000000000000000;0.000000000000000;0
1964;1623600900000;0.000502000000000;0.000504000000000;0.000502000000000;0.000504000000000;270.000000000000000;1623601799999;0.135742000000000;2;101.000000000000000;0.050904000000000;0
1965;1623601800000;0.000505000000000;0.000508000000000;0.000501000000000;0.000506000000000;29025.000000000000000;1623602699999;14.554883000000000;6;2096.000000000000000;1.063454000000000;0
1966;1623602700000;0.000506000000000;0.000506000000000;0.000506000000000;0.000506000000000;61.000000000000000;1623603599999;0.030866000000000;2;61.000000000000000;0.030866000000000;0
1967;1623603600000;0.000507000000000;0.000507000000000;0.000507000000000;0.000507000000000;37.000000000000000;1623604499999;0.018759000000000;1;37.000000000000000;0.018759000000000;0
1968;1623604500000;0.000507000000000;0.000507000000000;0.000507000000000;0.000507000000000;28.000000000000000;1623605399999;0.014196000000000;1;28.000000000000000;0.014196000000000;0
1969;1623605400000;0.000499000000000;0.000506000000000;0.000499000000000;0.000506000000000;2558.000000000000000;1623606299999;1.286837000000000;8;1895.000000000000000;0.954948000000000;0
1970;1623606300000;0.000503000000000;0.000503000000000;0.000503000000000;0.000503000000000;683.000000000000000;1623607199999;0.343549000000000;2;0.000000000000000;0.000000000000000;0
1971;1623607200000;0.000510000000000;0.000510000000000;0.000510000000000;0.000510000000000;299.000000000000000;1623608099999;0.152490000000000;2;299.000000000000000;0.152490000000000;0
1972;1623608100000;0.000504000000000;0.000504000000000;0.000504000000000;0.000504000000000;198.000000000000000;1623608999999;0.099792000000000;1;0.000000000000000;0.000000000000000;0
1973;1623609000000;0.000507000000000;0.000510000000000;0.000507000000000;0.000510000000000;2403.000000000000000;1623609899999;1.219254000000000;5;1947.000000000000000;0.988062000000000;0
1974;1623609900000;0.000510000000000;0.000510000000000;0.000510000000000;0.000510000000000;0.000000000000000;1623610799999;0.000000000000000;0;0.000000000000000;0.000000000000000;0
1975;1623610800000;0.000504000000000;0.000504000000000;0.000504000000000;0.000504000000000;198.000000000000000;1623611699999;0.099792000000000;1;0.000000000000000;0.000000000000000;0
1976;1623611700000;0.000503000000000;0.000509000000000;0.000503000000000;0.000509000000000;131.000000000000000;1623612599999;0.066073000000000;2;30.000000000000000;0.015270000000000;0
1977;1623612600000;0.000503000000000;0.000503000000000;0.000503000000000;0.000503000000000;111.000000000000000;1623613499999;0.055833000000000;1;0.000000000000000;0.000000000000000;0
1978;1623613500000;0.000501000000000;0.000501000000000;0.000499000000000;0.000499000000000;759.000000000000000;1623614399999;0.379183000000000;6;0.000000000000000;0.000000000000000;0
1979;1623614400000;0.000497000000000;0.000497000000000;0.000492000000000;0.000492000000000;1591.000000000000000;1623615299999;0.786449000000000;12;0.000000000000000;0.000000000000000;0
1980;1623615300000;0.000493000000000;0.000493000000000;0.000493000000000;0.000493000000000;105.000000000000000;1623616199999;0.051765000000000;1;0.000000000000000;0.000000000000000;0
1981;1623616200000;0.000500000000000;0.000500000000000;0.000494000000000;0.000498000000000;41781.000000000000000;1623617099999;20.652729999999998;13;1122.000000000000000;0.560932000000000;0
1982;1623617100000;0.000498000000000;0.000498000000000;0.000494000000000;0.000494000000000;36326.000000000000000;1623617999999;18.053643999999998;5;36190.000000000000000;17.986460000000001;0
1983;1623618000000;0.000493000000000;0.000493000000000;0.000493000000000;0.000493000000000;15009.000000000000000;1623618899999;7.399437000000000;1;0.000000000000000;0.000000000000000;0
1984;1623618900000;0.000493000000000;0.000499000000000;0.000492000000000;0.000492000000000;8089.000000000000000;1623619799999;3.987954000000000;4;30.000000000000000;0.014970000000000;0
1985;1623619800000;0.000499000000000;0.000499000000000;0.000490000000000;0.000490000000000;1861.000000000000000;1623620699999;0.915354000000000;11;303.000000000000000;0.151125000000000;0
1986;1623620700000;0.000492000000000;0.000492000000000;0.000492000000000;0.000492000000000;927.000000000000000;1623621599999;0.456084000000000;1;0.000000000000000;0.000000000000000;0
1987;1623621600000;0.000490000000000;0.000490000000000;0.000488000000000;0.000488000000000;11993.000000000000000;1623622499999;5.871033000000000;18;0.000000000000000;0.000000000000000;0
1988;1623622500000;0.000488000000000;0.000488000000000;0.000488000000000;0.000488000000000;0.000000000000000;1623623399999;0.000000000000000;0;0.000000000000000;0.000000000000000;0
1989;1623623400000;0.000491000000000;0.000491000000000;0.000491000000000;0.000491000000000;203.000000000000000;1623624299999;0.099673000000000;1;203.000000000000000;0.099673000000000;0
1990;1623624300000;0.000488000000000;0.000489000000000;0.000486000000000;0.000486000000000;5197.000000000000000;1623625199999;2.527145000000000;9;0.000000000000000;0.000000000000000;0
1991;1623625200000;0.000491000000000;0.000491000000000;0.000491000000000;0.000491000000000;37.000000000000000;1623626099999;0.018167000000000;1;37.000000000000000;0.018167000000000;0
1992;1623626100000;0.000491000000000;0.000491000000000;0.000491000000000;0.000491000000000;0.000000000000000;1623626999999;0.000000000000000;0;0.000000000000000;0.000000000000000;0
1993;1623627000000;0.000488000000000;0.000488000000000;0.000488000000000;0.000488000000000;130.000000000000000;1623627899999;0.063440000000000;1;0.000000000000000;0.000000000000000;0
1994;1623627900000;0.000486000000000;0.000486000000000;0.000486000000000;0.000486000000000;1012.000000000000000;1623628799999;0.491832000000000;4;0.000000000000000;0.000000000000000;0
1995;1623629700000;0.000484000000000;0.000484000000000;0.000484000000000;0.000484000000000;653.000000000000000;1623630599999;0.316052000000000;4;0.000000000000000;0.000000000000000;0
1996;1623630600000;0.000487000000000;0.000487000000000;0.000487000000000;0.000487000000000;628.000000000000000;1623631499999;0.305836000000000;3;628.000000000000000;0.305836000000000;0
1997;1623631500000;0.000487000000000;0.000487000000000;0.000487000000000;0.000487000000000;0.000000000000000;1623632399999;0.000000000000000;0;0.000000000000000;0.000000000000000;0
1998;1623632400000;0.000487000000000;0.000487000000000;0.000487000000000;0.000487000000000;0.000000000000000;1623633299999;0.000000000000000;0;0.000000000000000;0.000000000000000;0
1999;1623633300000;0.000487000000000;0.000487000000000;0.000487000000000;0.000487000000000;0.000000000000000;1623634199999;0.000000000000000;0;0.000000000000000;0.000000000000000;0
2000;1623634200000;0.000491000000000;0.000491000000000;0.000491000000000;0.000491000000000;1353.000000000000000;1623635099999;0.664323000000000;2;1353.000000000000000;0.664323000000000;0
2001;1623635100000;0.000491000000000;0.000495000000000;0.000491000000000;0.000495000000000;445.000000000000000;1623635999999;0.219311000000000;2;445.000000000000000;0.219311000000000;0
2002;1623636000000;0.000500000000000;0.000500000000000;0.000499000000000;0.000499000000000;576.000000000000000;1623636899999;0.287626000000000;2;202.000000000000000;0.101000000000000;0
2003;1623636900000;0.000494000000000;0.000498000000000;0.000494000000000;0.000498000000000;237.000000000000000;1623637799999;0.117218000000000;2;35.000000000000000;0.017430000000000;0
2004;1623637800000;0.000495000000000;0.000495000000000;0.000495000000000;0.000495000000000;150.000000000000000;1623638699999;0.074250000000000;1;0.000000000000000;0.000000000000000;0
2005;1623638700000;0.000498000000000;0.000498000000000;0.000497000000000;0.000497000000000;240.000000000000000;1623639599999;0.119316000000000;3;36.000000000000000;0.017928000000000;0
2006;1623639600000;0.000500000000000;0.000508000000000;0.000500000000000;0.000508000000000;16890.000000000000000;1623640499999;8.565129000000001;5;16890.000000000000000;8.565129000000001;0
2007;1623640500000;0.000507000000000;0.000507000000000;0.000507000000000;0.000507000000000;103.000000000000000;1623641399999;0.052221000000000;1;103.000000000000000;0.052221000000000;0
2008;1623641400000;0.000507000000000;0.000507000000000;0.000507000000000;0.000507000000000;0.000000000000000;1623642299999;0.000000000000000;0;0.000000000000000;0.000000000000000;0
2009;1623642300000;0.000507000000000;0.000507000000000;0.000507000000000;0.000507000000000;0.000000000000000;1623643199999;0.000000000000000;0;0.000000000000000;0.000000000000000;0
2010;1623643200000;0.000502000000000;0.000506000000000;0.000502000000000;0.000506000000000;4590.000000000000000;1623644099999;2.304308000000000;2;32.000000000000000;0.016192000000000;0
2011;1623644100000;0.000505000000000;0.000506000000000;0.000505000000000;0.000506000000000;2120.000000000000000;1623644999999;1.071729000000000;6;2120.000000000000000;1.071729000000000;0
2012;1623645000000;0.000506000000000;0.000506000000000;0.000506000000000;0.000506000000000;0.000000000000000;1623645899999;0.000000000000000;0;0.000000000000000;0.000000000000000;0
2013;1623645900000;0.000509000000000;0.000509000000000;0.000509000000000;0.000509000000000;170.000000000000000;1623646799999;0.086530000000000;1;170.000000000000000;0.086530000000000;0
2014;1623646800000;0.000508000000000;0.000508000000000;0.000508000000000;0.000508000000000;121.000000000000000;1623647699999;0.061468000000000;1;121.000000000000000;0.061468000000000;0
2015;1623647700000;0.000503000000000;0.000503000000000;0.000503000000000;0.000503000000000;303.000000000000000;1623648599999;0.152409000000000;2;0.000000000000000;0.000000000000000;0
2016;1623648600000;0.000509000000000;0.000509000000000;0.000502000000000;0.000502000000000;10667.000000000000000;1623649499999;5.355030000000000;4;28.000000000000000;0.014252000000000;0
2017;1623649500000;0.000502000000000;0.000502000000000;0.000502000000000;0.000502000000000;764.000000000000000;1623650399999;0.383528000000000;2;764.000000000000000;0.383528000000000;0
2018;1623650400000;0.000506000000000;0.000510000000000;0.000506000000000;0.000510000000000;5229.000000000000000;1623651299999;2.650330000000000;5;5229.000000000000000;2.650330000000000;0
2019;1623651300000;0.000510000000000;0.000510000000000;0.000510000000000;0.000510000000000;0.000000000000000;1623652199999;0.000000000000000;0;0.000000000000000;0.000000000000000;0
2020;1623652200000;0.000509000000000;0.000512000000000;0.000509000000000;0.000512000000000;587.000000000000000;1623653099999;0.299856000000000;4;587.000000000000000;0.299856000000000;0
2021;1623653100000;0.000508000000000;0.000513000000000;0.000507000000000;0.000513000000000;2998.000000000000000;1623653999999;1.523413000000000;7;222.000000000000000;0.113886000000000;0
2022;1623654000000;0.000513000000000;0.000517000000000;0.000510000000000;0.000517000000000;1991.000000000000000;1623654899999;1.022384000000000;10;1591.000000000000000;0.818384000000000;0
2023;1623654900000;0.000513000000000;0.000513000000000;0.000513000000000;0.000513000000000;1318.000000000000000;1623655799999;0.676134000000000;2;0.000000000000000;0.000000000000000;0
2024;1623655800000;0.000514000000000;0.000516000000000;0.000513000000000;0.000516000000000;5508.000000000000000;1623656699999;2.830730000000000;4;736.000000000000000;0.379776000000000;0
2025;1623656700000;0.000516000000000;0.000516000000000;0.000511000000000;0.000514000000000;3372.000000000000000;1623657599999;1.725815000000000;8;34.000000000000000;0.017544000000000;0
2026;1623657600000;0.000517000000000;0.000517000000000;0.000517000000000;0.000517000000000;30.000000000000000;1623658499999;0.015510000000000;1;30.000000000000000;0.015510000000000;0
2027;1623658500000;0.000517000000000;0.000517000000000;0.000517000000000;0.000517000000000;969.000000000000000;1623659399999;0.500973000000000;2;969.000000000000000;0.500973000000000;0
2028;1623659400000;0.000517000000000;0.000517000000000;0.000517000000000;0.000517000000000;0.000000000000000;1623660299999;0.000000000000000;0;0.000000000000000;0.000000000000000;0
2029;1623660300000;0.000510000000000;0.000510000000000;0.000506000000000;0.000506000000000;1294.000000000000000;1623661199999;0.657174000000000;10;0.000000000000000;0.000000000000000;0
2030;1623661200000;0.000512000000000;0.000512000000000;0.000512000000000;0.000512000000000;33.000000000000000;1623662099999;0.016896000000000;1;33.000000000000000;0.016896000000000;0
2031;1623662100000;0.000508000000000;0.000508000000000;0.000506000000000;0.000506000000000;295.000000000000000;1623662999999;0.149586000000000;2;295.000000000000000;0.149586000000000;0
2032;1623663000000;0.000508000000000;0.000508000000000;0.000504000000000;0.000504000000000;1005.000000000000000;1623663899999;0.507530000000000;5;100.000000000000000;0.050800000000000;0
2033;1623663900000;0.000504000000000;0.000504000000000;0.000504000000000;0.000504000000000;0.000000000000000;1623664799999;0.000000000000000;0;0.000000000000000;0.000000000000000;0
2034;1623664800000;0.000508000000000;0.000508000000000;0.000508000000000;0.000508000000000;271.000000000000000;1623665699999;0.137668000000000;2;271.000000000000000;0.137668000000000;0
2035;1623665700000;0.000508000000000;0.000508000000000;0.000508000000000;0.000508000000000;0.000000000000000;1623666599999;0.000000000000000;0;0.000000000000000;0.000000000000000;0
2036;1623666600000;0.000508000000000;0.000508000000000;0.000508000000000;0.000508000000000;0.000000000000000;1623667499999;0.000000000000000;0;0.000000000000000;0.000000000000000;0
2037;1623667500000;0.000508000000000;0.000508000000000;0.000508000000000;0.000508000000000;0.000000000000000;1623668399999;0.000000000000000;0;0.000000000000000;0.000000000000000;0
2038;1623668400000;0.000510000000000;0.000510000000000;0.000510000000000;0.000510000000000;1489.000000000000000;1623669299999;0.759390000000000;4;1489.000000000000000;0.759390000000000;0
2039;1623669300000;0.000511000000000;0.000511000000000;0.000511000000000;0.000511000000000;397.000000000000000;1623670199999;0.202867000000000;2;397.000000000000000;0.202867000000000;0
2040;1623670200000;0.000511000000000;0.000511000000000;0.000511000000000;0.000511000000000;0.000000000000000;1623671099999;0.000000000000000;0;0.000000000000000;0.000000000000000;0
2041;1623671100000;0.000513000000000;0.000513000000000;0.000508000000000;0.000508000000000;4455.000000000000000;1623671999999;2.283130000000000;4;3937.000000000000000;2.019681000000000;0
2042;1623672000000;0.000508000000000;0.000508000000000;0.000508000000000;0.000508000000000;664.000000000000000;1623672899999;0.337312000000000;1;0.000000000000000;0.000000000000000;0
2043;1623672900000;0.000508000000000;0.000508000000000;0.000508000000000;0.000508000000000;0.000000000000000;1623673799999;0.000000000000000;0;0.000000000000000;0.000000000000000;0
2044;1623673800000;0.000510000000000;0.000516000000000;0.000510000000000;0.000516000000000;368.000000000000000;1623674699999;0.188468000000000;3;98.000000000000000;0.050568000000000;0
2045;1623674700000;0.000516000000000;0.000516000000000;0.000516000000000;0.000516000000000;0.000000000000000;1623675599999;0.000000000000000;0;0.000000000000000;0.000000000000000;0
2046;1623675600000;0.000516000000000;0.000516000000000;0.000508000000000;0.000508000000000;799.000000000000000;1623676499999;0.409207000000000;8;228.000000000000000;0.117648000000000;0
2047;1623676500000;0.000516000000000;0.000518000000000;0.000507000000000;0.000518000000000;11715.000000000000000;1623677399999;6.020742000000000;14;11503.000000000000000;5.913158000000000;0
2048;1623677400000;0.000510000000000;0.000510000000000;0.000509000000000;0.000509000000000;318.000000000000000;1623678299999;0.162057000000000;2;0.000000000000000;0.000000000000000;0
2049;1623678300000;0.000508000000000;0.000508000000000;0.000508000000000;0.000508000000000;987.000000000000000;1623679199999;0.501396000000000;2;870.000000000000000;0.441960000000000;0
2050;1623679200000;0.000515000000000;0.000515000000000;0.000507000000000;0.000507000000000;198.000000000000000;1623680099999;0.101178000000000;2;99.000000000000000;0.050985000000000;0
2051;1623680100000;0.000504000000000;0.000504000000000;0.000501000000000;0.000501000000000;9431.000000000000000;1623680999999;4.734748000000000;7;0.000000000000000;0.000000000000000;0
2052;1623681000000;0.000500000000000;0.000500000000000;0.000500000000000;0.000500000000000;105.000000000000000;1623681899999;0.052500000000000;1;0.000000000000000;0.000000000000000;0
2053;1623681900000;0.000504000000000;0.000504000000000;0.000504000000000;0.000504000000000;939.000000000000000;1623682799999;0.473256000000000;2;0.000000000000000;0.000000000000000;0
2054;1623682800000;0.000504000000000;0.000504000000000;0.000504000000000;0.000504000000000;0.000000000000000;1623683699999;0.000000000000000;0;0.000000000000000;0.000000000000000;0
2055;1623683700000;0.000504000000000;0.000504000000000;0.000504000000000;0.000504000000000;0.000000000000000;1623684599999;0.000000000000000;0;0.000000000000000;0.000000000000000;0
2056;1623684600000;0.000508000000000;0.000509000000000;0.000508000000000;0.000509000000000;147.000000000000000;1623685499999;0.074787000000000;2;147.000000000000000;0.074787000000000;0
2057;1623685500000;0.000509000000000;0.000509000000000;0.000509000000000;0.000509000000000;0.000000000000000;1623686399999;0.000000000000000;0;0.000000000000000;0.000000000000000;0
2058;1623686400000;0.000509000000000;0.000509000000000;0.000509000000000;0.000509000000000;0.000000000000000;1623687299999;0.000000000000000;0;0.000000000000000;0.000000000000000;0
2059;1623687300000;0.000509000000000;0.000509000000000;0.000509000000000;0.000509000000000;0.000000000000000;1623688199999;0.000000000000000;0;0.000000000000000;0.000000000000000;0
2060;1623688200000;0.000500000000000;0.000500000000000;0.000500000000000;0.000500000000000;544.000000000000000;1623689099999;0.272000000000000;5;0.000000000000000;0.000000000000000;0
2061;1623689100000;0.000500000000000;0.000500000000000;0.000500000000000;0.000500000000000;0.000000000000000;1623689999999;0.000000000000000;0;0.000000000000000;0.000000000000000;0
2062;1623690000000;0.000510000000000;0.000519000000000;0.000510000000000;0.000519000000000;964.000000000000000;1623690899999;0.495826000000000;5;689.000000000000000;0.355026000000000;0
2063;1623690900000;0.000520000000000;0.000521000000000;0.000514000000000;0.000514000000000;5212.000000000000000;1623691799999;2.696343000000000;24;2200.000000000000000;1.145234000000000;0
2064;1623691800000;0.000519000000000;0.000530000000000;0.000519000000000;0.000530000000000;52220.000000000000000;1623692699999;27.492871999999998;30;39450.000000000000000;20.765118999999999;0
2065;1623692700000;0.000530000000000;0.000537000000000;0.000528000000000;0.000533000000000;37342.000000000000000;1623693599999;19.779150999999999;35;17107.000000000000000;9.073959000000000;0
2066;1623693600000;0.000526000000000;0.000529000000000;0.000522000000000;0.000529000000000;8554.000000000000000;1623694499999;4.485045000000000;8;35.000000000000000;0.018515000000000;0
2067;1623694500000;0.000528000000000;0.000542000000000;0.000528000000000;0.000530000000000;20052.000000000000000;1623695399999;10.656713999999999;23;18327.000000000000000;9.742810000000000;0
2068;1623695400000;0.000526000000000;0.000526000000000;0.000526000000000;0.000526000000000;190.000000000000000;1623696299999;0.099940000000000;1;0.000000000000000;0.000000000000000;0
2069;1623696300000;0.000526000000000;0.000526000000000;0.000526000000000;0.000526000000000;0.000000000000000;1623697199999;0.000000000000000;0;0.000000000000000;0.000000000000000;0
2070;1623697200000;0.000523000000000;0.000523000000000;0.000520000000000;0.000520000000000;2865.000000000000000;1623698099999;1.496626000000000;5;0.000000000000000;0.000000000000000;0
2071;1623698100000;0.000520000000000;0.000525000000000;0.000519000000000;0.000525000000000;1740.000000000000000;1623698999999;0.909274000000000;6;1358.000000000000000;0.710905000000000;0
2072;1623699000000;0.000521000000000;0.000525000000000;0.000521000000000;0.000525000000000;7097.000000000000000;1623699899999;3.702893000000000;3;1339.000000000000000;0.702975000000000;0
2073;1623699900000;0.000525000000000;0.000525000000000;0.000525000000000;0.000525000000000;0.000000000000000;1623700799999;0.000000000000000;0;0.000000000000000;0.000000000000000;0
2074;1623700800000;0.000520000000000;0.000520000000000;0.000520000000000;0.000520000000000;915.000000000000000;1623701699999;0.475800000000000;2;0.000000000000000;0.000000000000000;0
2075;1623701700000;0.000520000000000;0.000520000000000;0.000520000000000;0.000520000000000;99.000000000000000;1623702599999;0.051480000000000;1;0.000000000000000;0.000000000000000;0
2076;1623702600000;0.000520000000000;0.000520000000000;0.000520000000000;0.000520000000000;0.000000000000000;1623703499999;0.000000000000000;0;0.000000000000000;0.000000000000000;0
2077;1623703500000;0.000520000000000;0.000520000000000;0.000520000000000;0.000520000000000;0.000000000000000;1623704399999;0.000000000000000;0;0.000000000000000;0.000000000000000;0
2078;1623704400000;0.000518000000000;0.000518000000000;0.000518000000000;0.000518000000000;283.000000000000000;1623705299999;0.146594000000000;1;0.000000000000000;0.000000000000000;0
2079;1623705300000;0.000518000000000;0.000518000000000;0.000518000000000;0.000518000000000;325.000000000000000;1623706199999;0.168350000000000;1;0.000000000000000;0.000000000000000;0
2080;1623706200000;0.000523000000000;0.000523000000000;0.000517000000000;0.000517000000000;1063.000000000000000;1623707099999;0.555133000000000;4;927.000000000000000;0.484821000000000;0
2081;1623707100000;0.000516000000000;0.000520000000000;0.000515000000000;0.000520000000000;1538.000000000000000;1623707999999;0.793134000000000;6;150.000000000000000;0.078000000000000;0
2082;1623708000000;0.000520000000000;0.000520000000000;0.000520000000000;0.000520000000000;1002.000000000000000;1623708899999;0.521040000000000;2;1002.000000000000000;0.521040000000000;0
2083;1623708900000;0.000518000000000;0.000520000000000;0.000514000000000;0.000518000000000;5934.000000000000000;1623709799999;3.073388000000000;4;156.000000000000000;0.080872000000000;0
2084;1623709800000;0.000512000000000;0.000512000000000;0.000512000000000;0.000512000000000;807.000000000000000;1623710699999;0.413184000000000;6;0.000000000000000;0.000000000000000;0
2085;1623710700000;0.000511000000000;0.000511000000000;0.000511000000000;0.000511000000000;407.000000000000000;1623711599999;0.207977000000000;4;0.000000000000000;0.000000000000000;0
2086;1623711600000;0.000510000000000;0.000510000000000;0.000509000000000;0.000509000000000;1021.000000000000000;1623712499999;0.519884000000000;2;0.000000000000000;0.000000000000000;0
2087;1623712500000;0.000509000000000;0.000509000000000;0.000509000000000;0.000509000000000;0.000000000000000;1623713399999;0.000000000000000;0;0.000000000000000;0.000000000000000;0
2088;1623713400000;0.000513000000000;0.000513000000000;0.000513000000000;0.000513000000000;36.000000000000000;1623714299999;0.018468000000000;1;36.000000000000000;0.018468000000000;0
2089;1623714300000;0.000513000000000;0.000513000000000;0.000513000000000;0.000513000000000;0.000000000000000;1623715199999;0.000000000000000;0;0.000000000000000;0.000000000000000;0
2090;1623716100000;0.000509000000000;0.000509000000000;0.000509000000000;0.000509000000000;0.000000000000000;1623716999999;0.000000000000000;0;0.000000000000000;0.000000000000000;0
2091;1623717000000;0.000513000000000;0.000513000000000;0.000513000000000;0.000513000000000;31.000000000000000;1623717899999;0.015903000000000;1;31.000000000000000;0.015903000000000;0
2092;1623717900000;0.000508000000000;0.000508000000000;0.000508000000000;0.000508000000000;210.000000000000000;1623718799999;0.106680000000000;2;0.000000000000000;0.000000000000000;0
2093;1623718800000;0.000507000000000;0.000507000000000;0.000507000000000;0.000507000000000;132.000000000000000;1623719699999;0.066924000000000;1;0.000000000000000;0.000000000000000;0
2094;1623719700000;0.000506000000000;0.000507000000000;0.000506000000000;0.000507000000000;378.000000000000000;1623720599999;0.191368000000000;3;100.000000000000000;0.050700000000000;0
2095;1623720600000;0.000511000000000;0.000511000000000;0.000511000000000;0.000511000000000;34.000000000000000;1623721499999;0.017374000000000;1;34.000000000000000;0.017374000000000;0
2096;1623721500000;0.000506000000000;0.000506000000000;0.000506000000000;0.000506000000000;121.000000000000000;1623722399999;0.061226000000000;1;0.000000000000000;0.000000000000000;0
2097;1623722400000;0.000506000000000;0.000506000000000;0.000506000000000;0.000506000000000;0.000000000000000;1623723299999;0.000000000000000;0;0.000000000000000;0.000000000000000;0
2098;1623723300000;0.000506000000000;0.000506000000000;0.000506000000000;0.000506000000000;0.000000000000000;1623724199999;0.000000000000000;0;0.000000000000000;0.000000000000000;0
2099;1623724200000;0.000506000000000;0.000506000000000;0.000506000000000;0.000506000000000;0.000000000000000;1623725099999;0.000000000000000;0;0.000000000000000;0.000000000000000;0
2100;1623725100000;0.000510000000000;0.000510000000000;0.000510000000000;0.000510000000000;5758.000000000000000;1623725999999;2.936580000000000;2;5758.000000000000000;2.936580000000000;0
2101;1623726000000;0.000511000000000;0.000514000000000;0.000511000000000;0.000514000000000;222.000000000000000;1623726899999;0.113541000000000;2;222.000000000000000;0.113541000000000;0
2102;1623726900000;0.000507000000000;0.000514000000000;0.000507000000000;0.000514000000000;650.000000000000000;1623727799999;0.331300000000000;2;250.000000000000000;0.128500000000000;0
2103;1623727800000;0.000514000000000;0.000514000000000;0.000514000000000;0.000514000000000;100.000000000000000;1623728699999;0.051400000000000;1;100.000000000000000;0.051400000000000;0
2104;1623728700000;0.000514000000000;0.000514000000000;0.000507000000000;0.000510000000000;1099.000000000000000;1623729599999;0.559692000000000;6;433.000000000000000;0.222030000000000;0
2105;1623729600000;0.000510000000000;0.000510000000000;0.000501000000000;0.000510000000000;51087.000000000000000;1623730499999;25.915163000000000;28;15445.000000000000000;7.847920000000000;0
2106;1623730500000;0.000510000000000;0.000515000000000;0.000510000000000;0.000515000000000;510.000000000000000;1623731399999;0.260556000000000;4;510.000000000000000;0.260556000000000;0
2107;1623731400000;0.000515000000000;0.000515000000000;0.000515000000000;0.000515000000000;65.000000000000000;1623732299999;0.033475000000000;2;65.000000000000000;0.033475000000000;0
2108;1623732300000;0.000514000000000;0.000514000000000;0.000508000000000;0.000508000000000;685.000000000000000;1623733199999;0.351430000000000;5;575.000000000000000;0.295550000000000;0
2109;1623733200000;0.000509000000000;0.000509000000000;0.000509000000000;0.000509000000000;152.000000000000000;1623734099999;0.077368000000000;1;0.000000000000000;0.000000000000000;0
2110;1623734100000;0.000514000000000;0.000514000000000;0.000514000000000;0.000514000000000;106.000000000000000;1623734999999;0.054484000000000;1;106.000000000000000;0.054484000000000;0
2111;1623735000000;0.000514000000000;0.000514000000000;0.000512000000000;0.000512000000000;502.000000000000000;1623735899999;0.257078000000000;2;502.000000000000000;0.257078000000000;0
2112;1623735900000;0.000514000000000;0.000514000000000;0.000514000000000;0.000514000000000;40.000000000000000;1623736799999;0.020560000000000;1;40.000000000000000;0.020560000000000;0
2113;1623736800000;0.000510000000000;0.000510000000000;0.000510000000000;0.000510000000000;150.000000000000000;1623737699999;0.076500000000000;1;0.000000000000000;0.000000000000000;0
2114;1623737700000;0.000509000000000;0.000515000000000;0.000509000000000;0.000509000000000;4388.000000000000000;1623738599999;2.256964000000000;6;3912.000000000000000;2.014680000000000;0
2115;1623738600000;0.000513000000000;0.000513000000000;0.000513000000000;0.000513000000000;478.000000000000000;1623739499999;0.245214000000000;1;0.000000000000000;0.000000000000000;0
2116;1623739500000;0.000516000000000;0.000516000000000;0.000516000000000;0.000516000000000;195.000000000000000;1623740399999;0.100620000000000;1;195.000000000000000;0.100620000000000;0
2117;1623740400000;0.000515000000000;0.000516000000000;0.000510000000000;0.000516000000000;2114.000000000000000;1623741299999;1.088820000000000;4;1964.000000000000000;1.012320000000000;0
2118;1623741300000;0.000515000000000;0.000515000000000;0.000508000000000;0.000508000000000;11578.000000000000000;1623742199999;5.883513000000000;6;1691.000000000000000;0.860827000000000;0
2119;1623742200000;0.000508000000000;0.000508000000000;0.000508000000000;0.000508000000000;0.000000000000000;1623743099999;0.000000000000000;0;0.000000000000000;0.000000000000000;0
2120;1623743100000;0.000515000000000;0.000515000000000;0.000515000000000;0.000515000000000;28.000000000000000;1623743999999;0.014420000000000;1;28.000000000000000;0.014420000000000;0
2121;1623744000000;0.000515000000000;0.000520000000000;0.000515000000000;0.000520000000000;1006.000000000000000;1623744899999;0.521162000000000;7;849.000000000000000;0.439522000000000;0
2122;1623744900000;0.000518000000000;0.000523000000000;0.000518000000000;0.000518000000000;3690.000000000000000;1623745799999;1.917056000000000;13;442.000000000000000;0.230627000000000;0
2123;1623745800000;0.000516000000000;0.000516000000000;0.000516000000000;0.000516000000000;153.000000000000000;1623746699999;0.078948000000000;1;0.000000000000000;0.000000000000000;0
2124;1623746700000;0.000522000000000;0.000522000000000;0.000522000000000;0.000522000000000;224.000000000000000;1623747599999;0.116928000000000;1;224.000000000000000;0.116928000000000;0
2125;1623747600000;0.000522000000000;0.000523000000000;0.000522000000000;0.000523000000000;96.000000000000000;1623748499999;0.050178000000000;2;96.000000000000000;0.050178000000000;0
2126;1623748500000;0.000523000000000;0.000523000000000;0.000523000000000;0.000523000000000;0.000000000000000;1623749399999;0.000000000000000;0;0.000000000000000;0.000000000000000;0
2127;1623749400000;0.000515000000000;0.000515000000000;0.000514000000000;0.000514000000000;2579.000000000000000;1623750299999;1.328029000000000;11;200.000000000000000;0.103000000000000;0
2128;1623750300000;0.000514000000000;0.000518000000000;0.000511000000000;0.000512000000000;914.000000000000000;1623751199999;0.469620000000000;4;442.000000000000000;0.228156000000000;0
2129;1623751200000;0.000510000000000;0.000510000000000;0.000510000000000;0.000510000000000;195.000000000000000;1623752099999;0.099450000000000;2;0.000000000000000;0.000000000000000;0
2130;1623752100000;0.000510000000000;0.000510000000000;0.000510000000000;0.000510000000000;0.000000000000000;1623752999999;0.000000000000000;0;0.000000000000000;0.000000000000000;0
2131;1623753000000;0.000510000000000;0.000510000000000;0.000510000000000;0.000510000000000;0.000000000000000;1623753899999;0.000000000000000;0;0.000000000000000;0.000000000000000;0
2132;1623753900000;0.000510000000000;0.000510000000000;0.000510000000000;0.000510000000000;0.000000000000000;1623754799999;0.000000000000000;0;0.000000000000000;0.000000000000000;0
2133;1623754800000;0.000511000000000;0.000511000000000;0.000510000000000;0.000510000000000;971.000000000000000;1623755699999;0.495410000000000;2;0.000000000000000;0.000000000000000;0
2134;1623755700000;0.000510000000000;0.000510000000000;0.000510000000000;0.000510000000000;122.000000000000000;1623756599999;0.062220000000000;1;122.000000000000000;0.062220000000000;0
2135;1623756600000;0.000510000000000;0.000510000000000;0.000510000000000;0.000510000000000;0.000000000000000;1623757499999;0.000000000000000;0;0.000000000000000;0.000000000000000;0
2136;1623757500000;0.000513000000000;0.000513000000000;0.000513000000000;0.000513000000000;214.000000000000000;1623758399999;0.109782000000000;1;214.000000000000000;0.109782000000000;0
2137;1623758400000;0.000516000000000;0.000518000000000;0.000512000000000;0.000512000000000;745.000000000000000;1623759299999;0.382868000000000;3;303.000000000000000;0.156564000000000;0
2138;1623759300000;0.000514000000000;0.000516000000000;0.000511000000000;0.000516000000000;1146.000000000000000;1623760199999;0.589151000000000;8;393.000000000000000;0.202788000000000;0
2139;1623760200000;0.000517000000000;0.000519000000000;0.000512000000000;0.000512000000000;2090.000000000000000;1623761099999;1.079167000000000;8;1486.000000000000000;0.769698000000000;0
2140;1623761100000;0.000514000000000;0.000518000000000;0.000514000000000;0.000518000000000;450.000000000000000;1623761999999;0.232500000000000;2;300.000000000000000;0.155400000000000;0
2141;1623762000000;0.000512000000000;0.000512000000000;0.000512000000000;0.000512000000000;150.000000000000000;1623762899999;0.076800000000000;1;0.000000000000000;0.000000000000000;0
2142;1623762900000;0.000512000000000;0.000512000000000;0.000512000000000;0.000512000000000;0.000000000000000;1623763799999;0.000000000000000;0;0.000000000000000;0.000000000000000;0
2143;1623763800000;0.000512000000000;0.000512000000000;0.000512000000000;0.000512000000000;0.000000000000000;1623764699999;0.000000000000000;0;0.000000000000000;0.000000000000000;0
2144;1623764700000;0.000513000000000;0.000514000000000;0.000513000000000;0.000514000000000;1133.000000000000000;1623765599999;0.582007000000000;2;0.000000000000000;0.000000000000000;0
2145;1623765600000;0.000514000000000;0.000514000000000;0.000514000000000;0.000514000000000;0.000000000000000;1623766499999;0.000000000000000;0;0.000000000000000;0.000000000000000;0
2146;1623766500000;0.000510000000000;0.000510000000000;0.000509000000000;0.000509000000000;684.000000000000000;1623767399999;0.348550000000000;4;0.000000000000000;0.000000000000000;0
2147;1623767400000;0.000508000000000;0.000508000000000;0.000506000000000;0.000506000000000;682.000000000000000;1623768299999;0.345705000000000;5;0.000000000000000;0.000000000000000;0
2148;1623768300000;0.000506000000000;0.000506000000000;0.000506000000000;0.000506000000000;146.000000000000000;1623769199999;0.073876000000000;1;0.000000000000000;0.000000000000000;0
2149;1623769200000;0.000505000000000;0.000505000000000;0.000505000000000;0.000505000000000;124.000000000000000;1623770099999;0.062620000000000;1;0.000000000000000;0.000000000000000;0
2150;1623770100000;0.000507000000000;0.000507000000000;0.000507000000000;0.000507000000000;690.000000000000000;1623770999999;0.349830000000000;5;0.000000000000000;0.000000000000000;0
2151;1623771000000;0.000506000000000;0.000506000000000;0.000506000000000;0.000506000000000;200.000000000000000;1623771899999;0.101200000000000;1;200.000000000000000;0.101200000000000;0
2152;1623771900000;0.000506000000000;0.000506000000000;0.000506000000000;0.000506000000000;0.000000000000000;1623772799999;0.000000000000000;0;0.000000000000000;0.000000000000000;0
2153;1623772800000;0.000510000000000;0.000510000000000;0.000510000000000;0.000510000000000;200.000000000000000;1623773699999;0.102000000000000;1;0.000000000000000;0.000000000000000;0
2154;1623773700000;0.000510000000000;0.000510000000000;0.000510000000000;0.000510000000000;0.000000000000000;1623774599999;0.000000000000000;0;0.000000000000000;0.000000000000000;0
2155;1623774600000;0.000506000000000;0.000509000000000;0.000506000000000;0.000506000000000;8227.000000000000000;1623775499999;4.183082000000000;7;0.000000000000000;0.000000000000000;0
2156;1623775500000;0.000506000000000;0.000506000000000;0.000506000000000;0.000506000000000;0.000000000000000;1623776399999;0.000000000000000;0;0.000000000000000;0.000000000000000;0
2157;1623776400000;0.000506000000000;0.000506000000000;0.000506000000000;0.000506000000000;0.000000000000000;1623777299999;0.000000000000000;0;0.000000000000000;0.000000000000000;0
2158;1623777300000;0.000504000000000;0.000504000000000;0.000504000000000;0.000504000000000;115.000000000000000;1623778199999;0.057960000000000;1;0.000000000000000;0.000000000000000;0
2159;1623778200000;0.000504000000000;0.000504000000000;0.000504000000000;0.000504000000000;0.000000000000000;1623779099999;0.000000000000000;0;0.000000000000000;0.000000000000000;0
2160;1623779100000;0.000504000000000;0.000504000000000;0.000504000000000;0.000504000000000;22746.000000000000000;1623779999999;11.463984000000000;12;0.000000000000000;0.000000000000000;0
2161;1623780000000;0.000509000000000;0.000510000000000;0.000507000000000;0.000510000000000;1661.000000000000000;1623780899999;0.845801000000000;5;1503.000000000000000;0.765695000000000;0
2162;1623780900000;0.000505000000000;0.000508000000000;0.000503000000000;0.000508000000000;1064.000000000000000;1623781799999;0.535717000000000;6;30.000000000000000;0.015240000000000;0
2163;1623781800000;0.000508000000000;0.000508000000000;0.000503000000000;0.000503000000000;4935.000000000000000;1623782699999;2.494857000000000;5;0.000000000000000;0.000000000000000;0
2164;1623782700000;0.000503000000000;0.000503000000000;0.000502000000000;0.000502000000000;642.000000000000000;1623783599999;0.322713000000000;3;0.000000000000000;0.000000000000000;0
2165;1623783600000;0.000506000000000;0.000506000000000;0.000503000000000;0.000506000000000;965.000000000000000;1623784499999;0.487625000000000;4;805.000000000000000;0.407145000000000;0
2166;1623784500000;0.000502000000000;0.000502000000000;0.000502000000000;0.000502000000000;695.000000000000000;1623785399999;0.348890000000000;3;0.000000000000000;0.000000000000000;0
2167;1623785400000;0.000501000000000;0.000504000000000;0.000501000000000;0.000504000000000;390.000000000000000;1623786299999;0.196107000000000;3;239.000000000000000;0.120456000000000;0
2168;1623786300000;0.000500000000000;0.000503000000000;0.000498000000000;0.000503000000000;33306.000000000000000;1623787199999;16.649052000000001;28;22564.000000000000000;11.283871000000000;0
2169;1623787200000;0.000497000000000;0.000498000000000;0.000497000000000;0.000497000000000;1371.000000000000000;1623788099999;0.681519000000000;5;0.000000000000000;0.000000000000000;0
2170;1623788100000;0.000502000000000;0.000503000000000;0.000502000000000;0.000503000000000;636.000000000000000;1623788999999;0.319471000000000;2;636.000000000000000;0.319471000000000;0
2171;1623789000000;0.000504000000000;0.000504000000000;0.000504000000000;0.000504000000000;732.000000000000000;1623789899999;0.368928000000000;1;732.000000000000000;0.368928000000000;0
2172;1623789900000;0.000504000000000;0.000504000000000;0.000504000000000;0.000504000000000;586.000000000000000;1623790799999;0.295344000000000;2;586.000000000000000;0.295344000000000;0
2173;1623790800000;0.000505000000000;0.000505000000000;0.000505000000000;0.000505000000000;895.000000000000000;1623791699999;0.451975000000000;2;895.000000000000000;0.451975000000000;0
2174;1623791700000;0.000505000000000;0.000505000000000;0.000505000000000;0.000505000000000;1167.000000000000000;1623792599999;0.589335000000000;1;1167.000000000000000;0.589335000000000;0
2175;1623792600000;0.000505000000000;0.000505000000000;0.000505000000000;0.000505000000000;0.000000000000000;1623793499999;0.000000000000000;0;0.000000000000000;0.000000000000000;0
2176;1623793500000;0.000505000000000;0.000505000000000;0.000505000000000;0.000505000000000;0.000000000000000;1623794399999;0.000000000000000;0;0.000000000000000;0.000000000000000;0
2177;1623794400000;0.000502000000000;0.000507000000000;0.000502000000000;0.000507000000000;3560.000000000000000;1623795299999;1.791911000000000;4;3421.000000000000000;1.722133000000000;0
2178;1623795300000;0.000507000000000;0.000507000000000;0.000504000000000;0.000504000000000;6769.000000000000000;1623796199999;3.424458000000000;3;0.000000000000000;0.000000000000000;0
2179;1623796200000;0.000504000000000;0.000504000000000;0.000504000000000;0.000504000000000;697.000000000000000;1623797099999;0.351288000000000;1;0.000000000000000;0.000000000000000;0
2180;1623797100000;0.000504000000000;0.000509000000000;0.000504000000000;0.000509000000000;23770.000000000000000;1623797999999;11.987970000000001;5;13374.000000000000000;6.748386000000000;0
2181;1623798000000;0.000509000000000;0.000509000000000;0.000509000000000;0.000509000000000;0.000000000000000;1623798899999;0.000000000000000;0;0.000000000000000;0.000000000000000;0
2182;1623798900000;0.000507000000000;0.000507000000000;0.000507000000000;0.000507000000000;31.000000000000000;1623799799999;0.015717000000000;1;31.000000000000000;0.015717000000000;0
2183;1623799800000;0.000504000000000;0.000504000000000;0.000504000000000;0.000504000000000;174.000000000000000;1623800699999;0.087696000000000;1;0.000000000000000;0.000000000000000;0
2184;1623800700000;0.000504000000000;0.000504000000000;0.000504000000000;0.000504000000000;0.000000000000000;1623801599999;0.000000000000000;0;0.000000000000000;0.000000000000000;0
2185;1623802500000;0.000502000000000;0.000502000000000;0.000502000000000;0.000502000000000;448.000000000000000;1623803399999;0.224896000000000;3;0.000000000000000;0.000000000000000;0
2186;1623803400000;0.000502000000000;0.000502000000000;0.000501000000000;0.000501000000000;257.000000000000000;1623804299999;0.128891000000000;2;0.000000000000000;0.000000000000000;0
2187;1623804300000;0.000500000000000;0.000500000000000;0.000500000000000;0.000500000000000;264.000000000000000;1623805199999;0.132000000000000;2;0.000000000000000;0.000000000000000;0
2188;1623805200000;0.000500000000000;0.000500000000000;0.000500000000000;0.000500000000000;0.000000000000000;1623806099999;0.000000000000000;0;0.000000000000000;0.000000000000000;0
2189;1623806100000;0.000500000000000;0.000500000000000;0.000500000000000;0.000500000000000;0.000000000000000;1623806999999;0.000000000000000;0;0.000000000000000;0.000000000000000;0
2190;1623807000000;0.000500000000000;0.000500000000000;0.000500000000000;0.000500000000000;0.000000000000000;1623807899999;0.000000000000000;0;0.000000000000000;0.000000000000000;0
2191;1623807900000;0.000500000000000;0.000500000000000;0.000500000000000;0.000500000000000;0.000000000000000;1623808799999;0.000000000000000;0;0.000000000000000;0.000000000000000;0
2192;1623808800000;0.000500000000000;0.000500000000000;0.000500000000000;0.000500000000000;0.000000000000000;1623809699999;0.000000000000000;0;0.000000000000000;0.000000000000000;0
2193;1623809700000;0.000501000000000;0.000509000000000;0.000501000000000;0.000509000000000;774.000000000000000;1623810599999;0.388022000000000;2;31.000000000000000;0.015779000000000;0
2194;1623810600000;0.000509000000000;0.000509000000000;0.000509000000000;0.000509000000000;0.000000000000000;1623811499999;0.000000000000000;0;0.000000000000000;0.000000000000000;0
2195;1623811500000;0.000509000000000;0.000509000000000;0.000509000000000;0.000509000000000;1247.000000000000000;1623812399999;0.634723000000000;1;1247.000000000000000;0.634723000000000;0
2196;1623812400000;0.000506000000000;0.000506000000000;0.000506000000000;0.000506000000000;876.000000000000000;1623813299999;0.443256000000000;1;0.000000000000000;0.000000000000000;0
2197;1623813300000;0.000506000000000;0.000506000000000;0.000506000000000;0.000506000000000;0.000000000000000;1623814199999;0.000000000000000;0;0.000000000000000;0.000000000000000;0
2198;1623814200000;0.000506000000000;0.000506000000000;0.000506000000000;0.000506000000000;0.000000000000000;1623815099999;0.000000000000000;0;0.000000000000000;0.000000000000000;0
2199;1623815100000;0.000506000000000;0.000506000000000;0.000506000000000;0.000506000000000;0.000000000000000;1623815999999;0.000000000000000;0;0.000000000000000;0.000000000000000;0
2200;1623816000000;0.000506000000000;0.000506000000000;0.000506000000000;0.000506000000000;0.000000000000000;1623816899999;0.000000000000000;0;0.000000000000000;0.000000000000000;0
2201;1623816900000;0.000507000000000;0.000507000000000;0.000507000000000;0.000507000000000;7836.000000000000000;1623817799999;3.972852000000000;1;7836.000000000000000;3.972852000000000;0
2202;1623817800000;0.000504000000000;0.000505000000000;0.000501000000000;0.000501000000000;458.000000000000000;1623818699999;0.230387000000000;3;107.000000000000000;0.054035000000000;0
2203;1623818700000;0.000500000000000;0.000500000000000;0.000499000000000;0.000499000000000;896.000000000000000;1623819599999;0.447555000000000;5;0.000000000000000;0.000000000000000;0
2204;1623819600000;0.000505000000000;0.000505000000000;0.000497000000000;0.000503000000000;14439.000000000000000;1623820499999;7.178479000000000;13;134.000000000000000;0.067604000000000;0
2205;1623820500000;0.000503000000000;0.000503000000000;0.000503000000000;0.000503000000000;0.000000000000000;1623821399999;0.000000000000000;0;0.000000000000000;0.000000000000000;0
2206;1623821400000;0.000503000000000;0.000503000000000;0.000503000000000;0.000503000000000;8862.000000000000000;1623822299999;4.457586000000000;2;220.000000000000000;0.110660000000000;0
2207;1623822300000;0.000507000000000;0.000507000000000;0.000507000000000;0.000507000000000;28.000000000000000;1623823199999;0.014196000000000;1;28.000000000000000;0.014196000000000;0
2208;1623823200000;0.000503000000000;0.000503000000000;0.000503000000000;0.000503000000000;8853.000000000000000;1623824099999;4.453059000000000;2;8853.000000000000000;4.453059000000000;0
2209;1623824100000;0.000506000000000;0.000508000000000;0.000506000000000;0.000508000000000;1227.000000000000000;1623824999999;0.621543000000000;3;1227.000000000000000;0.621543000000000;0
2210;1623825000000;0.000507000000000;0.000507000000000;0.000504000000000;0.000504000000000;432.000000000000000;1623825899999;0.218205000000000;2;0.000000000000000;0.000000000000000;0
2211;1623825900000;0.000504000000000;0.000504000000000;0.000504000000000;0.000504000000000;0.000000000000000;1623826799999;0.000000000000000;0;0.000000000000000;0.000000000000000;0
2212;1623826800000;0.000505000000000;0.000505000000000;0.000505000000000;0.000505000000000;116.000000000000000;1623827699999;0.058580000000000;1;0.000000000000000;0.000000000000000;0
2213;1623827700000;0.000505000000000;0.000505000000000;0.000505000000000;0.000505000000000;0.000000000000000;1623828599999;0.000000000000000;0;0.000000000000000;0.000000000000000;0
2214;1623828600000;0.000508000000000;0.000508000000000;0.000508000000000;0.000508000000000;34.000000000000000;1623829499999;0.017272000000000;1;34.000000000000000;0.017272000000000;0
2215;1623829500000;0.000508000000000;0.000508000000000;0.000508000000000;0.000508000000000;2243.000000000000000;1623830399999;1.139444000000000;2;2243.000000000000000;1.139444000000000;0
2216;1623830400000;0.000511000000000;0.000514000000000;0.000511000000000;0.000511000000000;5428.000000000000000;1623831299999;2.782404000000000;8;4635.000000000000000;2.377181000000000;0
2217;1623831300000;0.000514000000000;0.000518000000000;0.000514000000000;0.000518000000000;27589.000000000000000;1623832199999;14.215693000000000;9;13779.000000000000000;7.090633000000000;0
2218;1623832200000;0.000518000000000;0.000524000000000;0.000518000000000;0.000520000000000;7944.000000000000000;1623833099999;4.131252000000000;22;6308.000000000000000;3.277697000000000;0
2219;1623833100000;0.000523000000000;0.000527000000000;0.000521000000000;0.000527000000000;15388.000000000000000;1623833999999;8.042432000000000;8;15388.000000000000000;8.042432000000000;0
2220;1623834000000;0.000527000000000;0.000527000000000;0.000527000000000;0.000527000000000;0.000000000000000;1623834899999;0.000000000000000;0;0.000000000000000;0.000000000000000;0
2221;1623834900000;0.000527000000000;0.000527000000000;0.000527000000000;0.000527000000000;0.000000000000000;1623835799999;0.000000000000000;0;0.000000000000000;0.000000000000000;0
2222;1623835800000;0.000527000000000;0.000527000000000;0.000527000000000;0.000527000000000;0.000000000000000;1623836699999;0.000000000000000;0;0.000000000000000;0.000000000000000;0
2223;1623836700000;0.000522000000000;0.000522000000000;0.000519000000000;0.000519000000000;5164.000000000000000;1623837599999;2.689608000000000;5;0.000000000000000;0.000000000000000;0
2224;1623837600000;0.000522000000000;0.000522000000000;0.000521000000000;0.000522000000000;1493.000000000000000;1623838499999;0.778711000000000;3;0.000000000000000;0.000000000000000;0
2225;1623838500000;0.000524000000000;0.000537000000000;0.000524000000000;0.000529000000000;29467.000000000000000;1623839399999;15.643373000000000;29;22960.000000000000000;12.201912000000000;0
2226;1623839400000;0.000531000000000;0.000540000000000;0.000531000000000;0.000540000000000;7579.000000000000000;1623840299999;4.041498000000000;9;7579.000000000000000;4.041498000000000;0
2227;1623840300000;0.000541000000000;0.000545000000000;0.000541000000000;0.000545000000000;53179.000000000000000;1623841199999;28.923249999999999;24;48673.000000000000000;26.480998000000000;0
2228;1623841200000;0.000545000000000;0.000554000000000;0.000545000000000;0.000550000000000;32512.000000000000000;1623842099999;17.850099000000000;27;4355.000000000000000;2.394350000000000;0
2229;1623842100000;0.000550000000000;0.000565000000000;0.000547000000000;0.000565000000000;33739.000000000000000;1623842999999;18.727039999999999;34;22858.000000000000000;12.756985000000000;0
2230;1623843000000;0.000565000000000;0.000656000000000;0.000565000000000;0.000595000000000;659912.000000000000000;1623843899999;400.628104000000008;331;274605.000000000000000;165.188858000000010;0
2231;1623843900000;0.000604000000000;0.000604000000000;0.000579000000000;0.000584000000000;127684.000000000000000;1623844799999;74.912280999999993;63;53679.000000000000000;31.453996000000000;0
2232;1623844800000;0.000584000000000;0.000594000000000;0.000584000000000;0.000588000000000;105797.000000000000000;1623845699999;62.412714000000001;34;17575.000000000000000;10.333221999999999;0
2233;1623845700000;0.000586000000000;0.000590000000000;0.000586000000000;0.000588000000000;22547.000000000000000;1623846599999;13.295256999999999;8;20757.000000000000000;12.242509000000000;0
2234;1623846600000;0.000585000000000;0.000587000000000;0.000577000000000;0.000583000000000;43294.000000000000000;1623847499999;25.208494000000002;18;33809.000000000000000;19.682437000000000;0
2235;1623847500000;0.000583000000000;0.000583000000000;0.000576000000000;0.000576000000000;14427.000000000000000;1623848399999;8.365930000000001;13;3729.000000000000000;2.166945000000000;0
2236;1623848400000;0.000580000000000;0.000580000000000;0.000564000000000;0.000564000000000;12180.000000000000000;1623849299999;7.004499000000000;15;8263.000000000000000;4.779115000000000;0
2237;1623849300000;0.000563000000000;0.000569000000000;0.000562000000000;0.000566000000000;13091.000000000000000;1623850199999;7.391220000000000;10;906.000000000000000;0.512880000000000;0
2238;1623850200000;0.000565000000000;0.000565000000000;0.000556000000000;0.000558000000000;11901.000000000000000;1623851099999;6.646874000000000;16;9844.000000000000000;5.500595000000000;0
2239;1623851100000;0.000555000000000;0.000557000000000;0.000555000000000;0.000557000000000;10599.000000000000000;1623851999999;5.889405000000000;5;10415.000000000000000;5.787285000000000;0
2240;1623852000000;0.000559000000000;0.000559000000000;0.000559000000000;0.000559000000000;31.000000000000000;1623852899999;0.017329000000000;1;31.000000000000000;0.017329000000000;0
2241;1623852900000;0.000560000000000;0.000578000000000;0.000560000000000;0.000568000000000;11523.000000000000000;1623853799999;6.514959000000000;15;4277.000000000000000;2.432950000000000;0
2242;1623853800000;0.000564000000000;0.000564000000000;0.000557000000000;0.000557000000000;8933.000000000000000;1623854699999;4.999476000000000;10;3172.000000000000000;1.776190000000000;0
2243;1623854700000;0.000559000000000;0.000559000000000;0.000557000000000;0.000559000000000;4908.000000000000000;1623855599999;2.742782000000000;6;91.000000000000000;0.050869000000000;0
2244;1623855600000;0.000564000000000;0.000564000000000;0.000554000000000;0.000555000000000;6124.000000000000000;1623856499999;3.402056000000000;8;714.000000000000000;0.399482000000000;0
2245;1623856500000;0.000558000000000;0.000560000000000;0.000549000000000;0.000560000000000;88668.000000000000000;1623857399999;49.201593000000003;37;21318.000000000000000;11.914237999999999;0
2246;1623857400000;0.000564000000000;0.000566000000000;0.000563000000000;0.000564000000000;12094.000000000000000;1623858299999;6.823921000000000;11;10431.000000000000000;5.885989000000000;0
2247;1623858300000;0.000563000000000;0.000567000000000;0.000556000000000;0.000564000000000;75197.000000000000000;1623859199999;42.171759000000002;23;33929.000000000000000;19.085917999999999;0
2248;1623859200000;0.000564000000000;0.000571000000000;0.000562000000000;0.000562000000000;15914.000000000000000;1623860099999;8.976542000000000;16;14098.000000000000000;7.954214000000000;0
2249;1623860100000;0.000564000000000;0.000564000000000;0.000559000000000;0.000559000000000;6649.000000000000000;1623860999999;3.723904000000000;10;121.000000000000000;0.068216000000000;0
2250;1623861000000;0.000563000000000;0.000566000000000;0.000563000000000;0.000565000000000;7768.000000000000000;1623861899999;4.383720000000000;6;7768.000000000000000;4.383720000000000;0
2251;1623861900000;0.000566000000000;0.000566000000000;0.000561000000000;0.000566000000000;2659.000000000000000;1623862799999;1.494164000000000;5;171.000000000000000;0.096786000000000;0
2252;1623862800000;0.000570000000000;0.000588000000000;0.000567000000000;0.000581000000000;34028.000000000000000;1623863699999;19.767575000000001;37;17831.000000000000000;10.344476999999999;0
2253;1623863700000;0.000578000000000;0.000581000000000;0.000574000000000;0.000576000000000;7843.000000000000000;1623864599999;4.525678000000000;8;58.000000000000000;0.033558000000000;0
2254;1623864600000;0.000571000000000;0.000571000000000;0.000571000000000;0.000571000000000;571.000000000000000;1623865499999;0.326041000000000;3;471.000000000000000;0.268941000000000;0
2255;1623865500000;0.000566000000000;0.000569000000000;0.000566000000000;0.000569000000000;348.000000000000000;1623866399999;0.197700000000000;3;244.000000000000000;0.138836000000000;0
2256;1623866400000;0.000568000000000;0.000574000000000;0.000567000000000;0.000569000000000;12937.000000000000000;1623867299999;7.350493000000000;8;30.000000000000000;0.017220000000000;0
2257;1623867300000;0.000571000000000;0.000574000000000;0.000571000000000;0.000574000000000;4718.000000000000000;1623868199999;2.694059000000000;4;4331.000000000000000;2.473082000000000;0
2258;1623868200000;0.000574000000000;0.000580000000000;0.000574000000000;0.000580000000000;944.000000000000000;1623869099999;0.545208000000000;6;787.000000000000000;0.454462000000000;0
2259;1623869100000;0.000580000000000;0.000599000000000;0.000579000000000;0.000589000000000;27171.000000000000000;1623869999999;16.079426999999999;28;18078.000000000000000;10.729186000000000;0
2260;1623870000000;0.000590000000000;0.000598000000000;0.000585000000000;0.000592000000000;17830.000000000000000;1623870899999;10.508959000000001;12;5810.000000000000000;3.440108000000000;0
2261;1623870900000;0.000587000000000;0.000587000000000;0.000580000000000;0.000584000000000;13605.000000000000000;1623871799999;7.940909000000000;6;1163.000000000000000;0.678054000000000;0
2262;1623871800000;0.000581000000000;0.000594000000000;0.000580000000000;0.000594000000000;1042.000000000000000;1623872699999;0.605874000000000;4;515.000000000000000;0.298982000000000;0
2263;1623872700000;0.000593000000000;0.000602000000000;0.000591000000000;0.000591000000000;26013.000000000000000;1623873599999;15.434264000000001;23;11080.000000000000000;6.563030000000000;0
2264;1623873600000;0.000586000000000;0.000590000000000;0.000585000000000;0.000590000000000;12725.000000000000000;1623874499999;7.499028000000000;11;7361.000000000000000;4.341791000000000;0
2265;1623874500000;0.000590000000000;0.000590000000000;0.000590000000000;0.000590000000000;1156.000000000000000;1623875399999;0.682040000000000;3;1156.000000000000000;0.682040000000000;0
2266;1623875400000;0.000592000000000;0.000599000000000;0.000591000000000;0.000599000000000;8529.000000000000000;1623876299999;5.054737000000000;8;975.000000000000000;0.577694000000000;0
2267;1623876300000;0.000599000000000;0.000601000000000;0.000592000000000;0.000592000000000;24936.000000000000000;1623877199999;14.913798999999999;16;14496.000000000000000;8.688977000000000;0
2268;1623877200000;0.000597000000000;0.000612000000000;0.000597000000000;0.000604000000000;18274.000000000000000;1623878099999;11.055002999999999;16;10832.000000000000000;6.557635000000000;0
2269;1623878100000;0.000605000000000;0.000605000000000;0.000598000000000;0.000605000000000;1323.000000000000000;1623878999999;0.795323000000000;4;367.000000000000000;0.222035000000000;0
2270;1623879000000;0.000598000000000;0.000598000000000;0.000595000000000;0.000596000000000;6389.000000000000000;1623879899999;3.806738000000000;8;464.000000000000000;0.276544000000000;0
2271;1623879900000;0.000600000000000;0.000601000000000;0.000598000000000;0.000598000000000;1396.000000000000000;1623880799999;0.836046000000000;7;410.000000000000000;0.245540000000000;0
2272;1623880800000;0.000601000000000;0.000601000000000;0.000587000000000;0.000587000000000;1135.000000000000000;1623881699999;0.675844000000000;4;161.000000000000000;0.096106000000000;0
2273;1623881700000;0.000594000000000;0.000594000000000;0.000594000000000;0.000594000000000;26.000000000000000;1623882599999;0.015444000000000;1;26.000000000000000;0.015444000000000;0
2274;1623882600000;0.000590000000000;0.000591000000000;0.000585000000000;0.000585000000000;4721.000000000000000;1623883499999;2.776457000000000;12;2973.000000000000000;1.752071000000000;0
2275;1623883500000;0.000585000000000;0.000588000000000;0.000584000000000;0.000588000000000;10181.000000000000000;1623884399999;5.970440000000000;8;7761.000000000000000;4.555865000000000;0
2276;1623884400000;0.000587000000000;0.000587000000000;0.000581000000000;0.000586000000000;10943.000000000000000;1623885299999;6.404154000000000;8;8523.000000000000000;4.994507000000000;0
2277;1623885300000;0.000581000000000;0.000584000000000;0.000580000000000;0.000582000000000;12529.000000000000000;1623886199999;7.281063000000000;8;1039.000000000000000;0.604756000000000;0
2278;1623886200000;0.000582000000000;0.000582000000000;0.000579000000000;0.000582000000000;2544.000000000000000;1623887099999;1.476157000000000;6;1120.000000000000000;0.651510000000000;0
2279;1623887100000;0.000581000000000;0.000589000000000;0.000581000000000;0.000589000000000;534.000000000000000;1623887999999;0.310478000000000;2;28.000000000000000;0.016492000000000;0
2280;1623888900000;0.000582000000000;0.000582000000000;0.000582000000000;0.000582000000000;1230.000000000000000;1623889799999;0.715860000000000;3;542.000000000000000;0.315444000000000;0
2281;1623889800000;0.000585000000000;0.000587000000000;0.000585000000000;0.000587000000000;9399.000000000000000;1623890699999;5.515837000000000;2;9399.000000000000000;5.515837000000000;0
2282;1623890700000;0.000587000000000;0.000587000000000;0.000587000000000;0.000587000000000;0.000000000000000;1623891599999;0.000000000000000;0;0.000000000000000;0.000000000000000;0
2283;1623891600000;0.000588000000000;0.000589000000000;0.000588000000000;0.000588000000000;1504.000000000000000;1623892499999;0.884564000000000;3;212.000000000000000;0.124868000000000;0
2284;1623892500000;0.000588000000000;0.000598000000000;0.000588000000000;0.000591000000000;3216.000000000000000;1623893399999;1.910679000000000;8;578.000000000000000;0.344195000000000;0
2285;1623893400000;0.000584000000000;0.000584000000000;0.000584000000000;0.000584000000000;159.000000000000000;1623894299999;0.092856000000000;1;159.000000000000000;0.092856000000000;0
2286;1623894300000;0.000581000000000;0.000581000000000;0.000581000000000;0.000581000000000;153.000000000000000;1623895199999;0.088893000000000;1;0.000000000000000;0.000000000000000;0
2287;1623895200000;0.000577000000000;0.000577000000000;0.000574000000000;0.000574000000000;1451.000000000000000;1623896099999;0.834945000000000;7;700.000000000000000;0.402840000000000;0
2288;1623896100000;0.000577000000000;0.000580000000000;0.000577000000000;0.000579000000000;2670.000000000000000;1623896999999;1.544636000000000;4;2430.000000000000000;1.405676000000000;0
2289;1623897000000;0.000581000000000;0.000593000000000;0.000581000000000;0.000592000000000;3572.000000000000000;1623897899999;2.101443000000000;9;1555.000000000000000;0.907796000000000;0
2290;1623897900000;0.000592000000000;0.000592000000000;0.000592000000000;0.000592000000000;0.000000000000000;1623898799999;0.000000000000000;0;0.000000000000000;0.000000000000000;0
2291;1623898800000;0.000586000000000;0.000588000000000;0.000586000000000;0.000588000000000;4568.000000000000000;1623899699999;2.684384000000000;4;4322.000000000000000;2.539736000000000;0
2292;1623899700000;0.000586000000000;0.000586000000000;0.000581000000000;0.000581000000000;1872.000000000000000;1623900599999;1.092902000000000;3;1006.000000000000000;0.589516000000000;0
2293;1623900600000;0.000577000000000;0.000581000000000;0.000577000000000;0.000577000000000;9837.000000000000000;1623901499999;5.676297000000000;5;87.000000000000000;0.050547000000000;0
2294;1623901500000;0.000578000000000;0.000580000000000;0.000578000000000;0.000580000000000;1032.000000000000000;1623902399999;0.598190000000000;3;1032.000000000000000;0.598190000000000;0
2295;1623902400000;0.000575000000000;0.000575000000000;0.000570000000000;0.000572000000000;9878.000000000000000;1623903299999;5.633498000000000;13;3566.000000000000000;2.033854000000000;0
2296;1623903300000;0.000570000000000;0.000570000000000;0.000570000000000;0.000570000000000;88.000000000000000;1623904199999;0.050160000000000;1;0.000000000000000;0.000000000000000;0
2297;1623904200000;0.000572000000000;0.000580000000000;0.000572000000000;0.000573000000000;3588.000000000000000;1623905099999;2.057355000000000;5;421.000000000000000;0.241908000000000;0
2298;1623905100000;0.000573000000000;0.000575000000000;0.000573000000000;0.000575000000000;9430.000000000000000;1623905999999;5.410340000000000;4;5980.000000000000000;3.432546000000000;0
2299;1623906000000;0.000572000000000;0.000573000000000;0.000572000000000;0.000573000000000;8656.000000000000000;1623906899999;4.959388000000000;2;8156.000000000000000;4.673388000000000;0
2300;1623906900000;0.000578000000000;0.000578000000000;0.000578000000000;0.000578000000000;30.000000000000000;1623907799999;0.017340000000000;1;30.000000000000000;0.017340000000000;0
2301;1623907800000;0.000571000000000;0.000573000000000;0.000571000000000;0.000573000000000;15998.000000000000000;1623908699999;9.150791999999999;4;4300.000000000000000;2.456100000000000;0
2302;1623908700000;0.000569000000000;0.000569000000000;0.000566000000000;0.000566000000000;651.000000000000000;1623909599999;0.369113000000000;5;0.000000000000000;0.000000000000000;0
2303;1623909600000;0.000572000000000;0.000572000000000;0.000564000000000;0.000564000000000;5141.000000000000000;1623910499999;2.907911000000000;5;206.000000000000000;0.117832000000000;0
2304;1623910500000;0.000563000000000;0.000567000000000;0.000563000000000;0.000563000000000;1930.000000000000000;1623911399999;1.090900000000000;7;1404.000000000000000;0.794514000000000;0
2305;1623911400000;0.000563000000000;0.000563000000000;0.000560000000000;0.000563000000000;10699.000000000000000;1623912299999;6.013984000000000;10;9372.000000000000000;5.268472000000000;0
2306;1623912300000;0.000563000000000;0.000563000000000;0.000563000000000;0.000563000000000;151.000000000000000;1623913199999;0.085013000000000;1;151.000000000000000;0.085013000000000;0
2307;1623913200000;0.000565000000000;0.000565000000000;0.000565000000000;0.000565000000000;11525.000000000000000;1623914099999;6.511625000000000;7;4057.000000000000000;2.292205000000000;0
2308;1623914100000;0.000566000000000;0.000566000000000;0.000565000000000;0.000565000000000;976.000000000000000;1623914999999;0.551940000000000;2;0.000000000000000;0.000000000000000;0
2309;1623915000000;0.000572000000000;0.000572000000000;0.000572000000000;0.000572000000000;247.000000000000000;1623915899999;0.141284000000000;3;247.000000000000000;0.141284000000000;0
2310;1623915900000;0.000572000000000;0.000572000000000;0.000572000000000;0.000572000000000;1748.000000000000000;1623916799999;0.999856000000000;2;1748.000000000000000;0.999856000000000;0
2311;1623916800000;0.000565000000000;0.000567000000000;0.000563000000000;0.000563000000000;997.000000000000000;1623917699999;0.562676000000000;10;178.000000000000000;0.100926000000000;0
2312;1623917700000;0.000563000000000;0.000563000000000;0.000559000000000;0.000559000000000;14304.000000000000000;1623918599999;8.016861000000000;11;4670.000000000000000;2.620188000000000;0
2313;1623918600000;0.000561000000000;0.000561000000000;0.000561000000000;0.000561000000000;15000.000000000000000;1623919499999;8.414999999999999;2;15000.000000000000000;8.414999999999999;0
2314;1623919500000;0.000561000000000;0.000561000000000;0.000561000000000;0.000561000000000;1831.000000000000000;1623920399999;1.027191000000000;1;0.000000000000000;0.000000000000000;0
2315;1623920400000;0.000562000000000;0.000562000000000;0.000554000000000;0.000554000000000;41976.000000000000000;1623921299999;23.351548000000001;25;540.000000000000000;0.302032000000000;0
2316;1623921300000;0.000557000000000;0.000557000000000;0.000553000000000;0.000553000000000;319.000000000000000;1623922199999;0.176523000000000;3;29.000000000000000;0.016153000000000;0
2317;1623922200000;0.000552000000000;0.000555000000000;0.000550000000000;0.000550000000000;5228.000000000000000;1623923099999;2.888372000000000;8;1552.000000000000000;0.861138000000000;0
2318;1623923100000;0.000550000000000;0.000552000000000;0.000550000000000;0.000550000000000;24464.000000000000000;1623923999999;13.455268000000000;6;12001.000000000000000;6.600618000000000;0
2319;1623924000000;0.000553000000000;0.000553000000000;0.000549000000000;0.000553000000000;1813.000000000000000;1623924899999;0.997785000000000;5;261.000000000000000;0.144333000000000;0
2320;1623924900000;0.000549000000000;0.000549000000000;0.000548000000000;0.000548000000000;735.000000000000000;1623925799999;0.403267000000000;5;0.000000000000000;0.000000000000000;0
2321;1623925800000;0.000547000000000;0.000549000000000;0.000546000000000;0.000547000000000;2552.000000000000000;1623926699999;1.395701000000000;7;1191.000000000000000;0.651529000000000;0
2322;1623926700000;0.000549000000000;0.000552000000000;0.000549000000000;0.000552000000000;496.000000000000000;1623927599999;0.272766000000000;3;496.000000000000000;0.272766000000000;0
2323;1623927600000;0.000550000000000;0.000550000000000;0.000549000000000;0.000549000000000;27392.000000000000000;1623928499999;15.038389000000000;15;181.000000000000000;0.099550000000000;0
2324;1623928500000;0.000549000000000;0.000550000000000;0.000546000000000;0.000550000000000;11730.000000000000000;1623929399999;6.438605000000000;7;490.000000000000000;0.269244000000000;0
2325;1623929400000;0.000556000000000;0.000556000000000;0.000556000000000;0.000556000000000;26.000000000000000;1623930299999;0.014456000000000;1;26.000000000000000;0.014456000000000;0
2326;1623930300000;0.000551000000000;0.000551000000000;0.000551000000000;0.000551000000000;94.000000000000000;1623931199999;0.051794000000000;1;0.000000000000000;0.000000000000000;0
2327;1623931200000;0.000547000000000;0.000551000000000;0.000547000000000;0.000548000000000;683.000000000000000;1623932099999;0.374045000000000;4;29.000000000000000;0.015979000000000;0
2328;1623932100000;0.000546000000000;0.000546000000000;0.000545000000000;0.000545000000000;381.000000000000000;1623932999999;0.207774000000000;3;0.000000000000000;0.000000000000000;0
2329;1623933000000;0.000545000000000;0.000547000000000;0.000544000000000;0.000544000000000;20299.000000000000000;1623933899999;11.077711000000001;9;20036.000000000000000;10.934486000000000;0
2330;1623933900000;0.000544000000000;0.000546000000000;0.000542000000000;0.000544000000000;9888.000000000000000;1623934799999;5.378157000000000;15;6770.000000000000000;3.685814000000000;0
2331;1623934800000;0.000544000000000;0.000544000000000;0.000542000000000;0.000543000000000;2267.000000000000000;1623935699999;1.231485000000000;4;0.000000000000000;0.000000000000000;0
2332;1623935700000;0.000543000000000;0.000543000000000;0.000543000000000;0.000543000000000;0.000000000000000;1623936599999;0.000000000000000;0;0.000000000000000;0.000000000000000;0
2333;1623936600000;0.000545000000000;0.000550000000000;0.000545000000000;0.000550000000000;6339.000000000000000;1623937499999;3.470956000000000;4;992.000000000000000;0.540800000000000;0
2334;1623937500000;0.000550000000000;0.000550000000000;0.000550000000000;0.000550000000000;1129.000000000000000;1623938399999;0.620950000000000;2;1129.000000000000000;0.620950000000000;0
2335;1623938400000;0.000547000000000;0.000547000000000;0.000547000000000;0.000547000000000;1269.000000000000000;1623939299999;0.694143000000000;2;960.000000000000000;0.525120000000000;0
2336;1623939300000;0.000550000000000;0.000550000000000;0.000550000000000;0.000550000000000;123.000000000000000;1623940199999;0.067650000000000;1;0.000000000000000;0.000000000000000;0
2337;1623940200000;0.000548000000000;0.000548000000000;0.000546000000000;0.000546000000000;1452.000000000000000;1623941099999;0.794229000000000;3;642.000000000000000;0.350532000000000;0
2338;1623941100000;0.000545000000000;0.000548000000000;0.000544000000000;0.000548000000000;7780.000000000000000;1623941999999;4.248621000000000;6;642.000000000000000;0.351816000000000;0
2339;1623942000000;0.000548000000000;0.000564000000000;0.000548000000000;0.000556000000000;37680.000000000000000;1623942899999;20.801205000000000;33;22581.000000000000000;12.468221000000000;0
2340;1623942900000;0.000555000000000;0.000555000000000;0.000550000000000;0.000550000000000;1675.000000000000000;1623943799999;0.925811000000000;7;27.000000000000000;0.014931000000000;0
2341;1623943800000;0.000550000000000;0.000550000000000;0.000550000000000;0.000550000000000;0.000000000000000;1623944699999;0.000000000000000;0;0.000000000000000;0.000000000000000;0
2342;1623944700000;0.000552000000000;0.000552000000000;0.000549000000000;0.000549000000000;1351.000000000000000;1623945599999;0.743850000000000;3;32.000000000000000;0.017664000000000;0
2343;1623945600000;0.000549000000000;0.000549000000000;0.000547000000000;0.000547000000000;4977.000000000000000;1623946499999;2.731349000000000;4;0.000000000000000;0.000000000000000;0
2344;1623946500000;0.000545000000000;0.000547000000000;0.000536000000000;0.000536000000000;44187.000000000000000;1623947399999;23.904754000000001;38;1084.000000000000000;0.587926000000000;0
2345;1623947400000;0.000538000000000;0.000538000000000;0.000534000000000;0.000537000000000;1446.000000000000000;1623948299999;0.775607000000000;7;1033.000000000000000;0.554748000000000;0
2346;1623948300000;0.000535000000000;0.000535000000000;0.000534000000000;0.000534000000000;911.000000000000000;1623949199999;0.487229000000000;4;0.000000000000000;0.000000000000000;0
2347;1623949200000;0.000537000000000;0.000537000000000;0.000537000000000;0.000537000000000;37690.000000000000000;1623950099999;20.239529999999998;6;37690.000000000000000;20.239529999999998;0
2348;1623950100000;0.000536000000000;0.000536000000000;0.000532000000000;0.000532000000000;3333.000000000000000;1623950999999;1.776642000000000;12;375.000000000000000;0.199500000000000;0
2349;1623951000000;0.000534000000000;0.000539000000000;0.000532000000000;0.000537000000000;8264.000000000000000;1623951899999;4.413261000000000;8;4361.000000000000000;2.330589000000000;0
2350;1623951900000;0.000537000000000;0.000537000000000;0.000533000000000;0.000535000000000;98734.000000000000000;1623952799999;52.950346000000003;11;1590.000000000000000;0.850685000000000;0
2351;1623952800000;0.000536000000000;0.000536000000000;0.000535000000000;0.000535000000000;992.000000000000000;1623953699999;0.531072000000000;2;352.000000000000000;0.188672000000000;0
2352;1623953700000;0.000533000000000;0.000538000000000;0.000531000000000;0.000534000000000;7628.000000000000000;1623954599999;4.058914000000000;12;988.000000000000000;0.527704000000000;0
2353;1623954600000;0.000532000000000;0.000538000000000;0.000532000000000;0.000535000000000;732.000000000000000;1623955499999;0.390935000000000;5;404.000000000000000;0.216239000000000;0
2354;1623955500000;0.000534000000000;0.000535000000000;0.000534000000000;0.000535000000000;2214.000000000000000;1623956399999;1.182384000000000;3;1485.000000000000000;0.793098000000000;0
2355;1623956400000;0.000538000000000;0.000538000000000;0.000537000000000;0.000538000000000;592.000000000000000;1623957299999;0.318129000000000;4;225.000000000000000;0.121050000000000;0
2356;1623957300000;0.000537000000000;0.000537000000000;0.000537000000000;0.000537000000000;640.000000000000000;1623958199999;0.343680000000000;1;0.000000000000000;0.000000000000000;0
2357;1623958200000;0.000539000000000;0.000539000000000;0.000539000000000;0.000539000000000;146.000000000000000;1623959099999;0.078694000000000;2;146.000000000000000;0.078694000000000;0
2358;1623959100000;0.000537000000000;0.000542000000000;0.000536000000000;0.000537000000000;2666.000000000000000;1623959999999;1.435467000000000;4;2026.000000000000000;1.092427000000000;0
2359;1623960000000;0.000537000000000;0.000537000000000;0.000534000000000;0.000534000000000;1053.000000000000000;1623960899999;0.562623000000000;3;107.000000000000000;0.057459000000000;0
2360;1623960900000;0.000537000000000;0.000537000000000;0.000530000000000;0.000530000000000;2319.000000000000000;1623961799999;1.242638000000000;6;0.000000000000000;0.000000000000000;0
2361;1623961800000;0.000534000000000;0.000534000000000;0.000534000000000;0.000534000000000;33.000000000000000;1623962699999;0.017622000000000;1;33.000000000000000;0.017622000000000;0
2362;1623962700000;0.000534000000000;0.000534000000000;0.000534000000000;0.000534000000000;810.000000000000000;1623963599999;0.432540000000000;1;0.000000000000000;0.000000000000000;0
2363;1623963600000;0.000531000000000;0.000531000000000;0.000531000000000;0.000531000000000;14998.000000000000000;1623964499999;7.963938000000000;7;0.000000000000000;0.000000000000000;0
2364;1623964500000;0.000534000000000;0.000535000000000;0.000534000000000;0.000534000000000;4142.000000000000000;1623965399999;2.212060000000000;4;4142.000000000000000;2.212060000000000;0
2365;1623965400000;0.000535000000000;0.000536000000000;0.000534000000000;0.000534000000000;3535.000000000000000;1623966299999;1.892343000000000;4;2379.000000000000000;1.275039000000000;0
2366;1623966300000;0.000535000000000;0.000535000000000;0.000535000000000;0.000535000000000;268.000000000000000;1623967199999;0.143380000000000;1;0.000000000000000;0.000000000000000;0
2367;1623967200000;0.000535000000000;0.000539000000000;0.000534000000000;0.000539000000000;17134.000000000000000;1623968099999;9.166529000000001;9;5657.000000000000000;3.025837000000000;0
2368;1623968100000;0.000531000000000;0.000533000000000;0.000531000000000;0.000533000000000;8115.000000000000000;1623968999999;4.317087000000000;7;2530.000000000000000;1.345960000000000;0
2369;1623969000000;0.000531000000000;0.000532000000000;0.000531000000000;0.000532000000000;1089.000000000000000;1623969899999;0.578930000000000;5;671.000000000000000;0.356972000000000;0
2370;1623969900000;0.000533000000000;0.000533000000000;0.000533000000000;0.000533000000000;2494.000000000000000;1623970799999;1.329302000000000;5;710.000000000000000;0.378430000000000;0
2371;1623970800000;0.000534000000000;0.000535000000000;0.000534000000000;0.000535000000000;1356.000000000000000;1623971699999;0.725326000000000;4;822.000000000000000;0.439636000000000;0
2372;1623971700000;0.000535000000000;0.000535000000000;0.000535000000000;0.000535000000000;0.000000000000000;1623972599999;0.000000000000000;0;0.000000000000000;0.000000000000000;0
2373;1623972600000;0.000531000000000;0.000531000000000;0.000531000000000;0.000531000000000;361.000000000000000;1623973499999;0.191691000000000;3;0.000000000000000;0.000000000000000;0
2374;1623973500000;0.000534000000000;0.000537000000000;0.000534000000000;0.000537000000000;924.000000000000000;1623974399999;0.495789000000000;2;924.000000000000000;0.495789000000000;0
2375;1623975300000;0.000531000000000;0.000531000000000;0.000531000000000;0.000531000000000;1829.000000000000000;1623976199999;0.971199000000000;3;0.000000000000000;0.000000000000000;0
2376;1623976200000;0.000530000000000;0.000530000000000;0.000530000000000;0.000530000000000;2696.000000000000000;1623977099999;1.428880000000000;4;0.000000000000000;0.000000000000000;0
2377;1623977100000;0.000529000000000;0.000530000000000;0.000528000000000;0.000530000000000;1669.000000000000000;1623977999999;0.881797000000000;9;94.000000000000000;0.049820000000000;0
2378;1623978000000;0.000530000000000;0.000530000000000;0.000529000000000;0.000529000000000;769.000000000000000;1623978899999;0.406930000000000;2;129.000000000000000;0.068370000000000;0
2379;1623978900000;0.000529000000000;0.000529000000000;0.000529000000000;0.000529000000000;0.000000000000000;1623979799999;0.000000000000000;0;0.000000000000000;0.000000000000000;0
2380;1623979800000;0.000527000000000;0.000529000000000;0.000526000000000;0.000526000000000;7270.000000000000000;1623980699999;3.834668000000000;10;3378.000000000000000;1.786962000000000;0
2381;1623980700000;0.000525000000000;0.000525000000000;0.000524000000000;0.000524000000000;994.000000000000000;1623981599999;0.521684000000000;7;0.000000000000000;0.000000000000000;0
2382;1623981600000;0.000524000000000;0.000524000000000;0.000521000000000;0.000522000000000;12085.000000000000000;1623982499999;6.301636000000000;13;960.000000000000000;0.501120000000000;0
2383;1623982500000;0.000524000000000;0.000524000000000;0.000524000000000;0.000524000000000;8549.000000000000000;1623983399999;4.479676000000000;3;8549.000000000000000;4.479676000000000;0
2384;1623983400000;0.000525000000000;0.000528000000000;0.000525000000000;0.000528000000000;1413.000000000000000;1623984299999;0.745116000000000;4;1413.000000000000000;0.745116000000000;0
2385;1623984300000;0.000531000000000;0.000533000000000;0.000531000000000;0.000533000000000;1009.000000000000000;1623985199999;0.537525000000000;3;1009.000000000000000;0.537525000000000;0
2386;1623985200000;0.000533000000000;0.000533000000000;0.000533000000000;0.000533000000000;0.000000000000000;1623986099999;0.000000000000000;0;0.000000000000000;0.000000000000000;0
2387;1623986100000;0.000533000000000;0.000533000000000;0.000533000000000;0.000533000000000;0.000000000000000;1623986999999;0.000000000000000;0;0.000000000000000;0.000000000000000;0
2388;1623987000000;0.000528000000000;0.000528000000000;0.000528000000000;0.000528000000000;133.000000000000000;1623987899999;0.070224000000000;1;0.000000000000000;0.000000000000000;0
2389;1623987900000;0.000528000000000;0.000528000000000;0.000528000000000;0.000528000000000;640.000000000000000;1623988799999;0.337920000000000;1;0.000000000000000;0.000000000000000;0
2390;1623988800000;0.000530000000000;0.000530000000000;0.000530000000000;0.000530000000000;166.000000000000000;1623989699999;0.087980000000000;1;166.000000000000000;0.087980000000000;0
2391;1623989700000;0.000530000000000;0.000530000000000;0.000530000000000;0.000530000000000;0.000000000000000;1623990599999;0.000000000000000;0;0.000000000000000;0.000000000000000;0
2392;1623990600000;0.000530000000000;0.000530000000000;0.000528000000000;0.000528000000000;8044.000000000000000;1623991499999;4.252968000000000;4;7931.000000000000000;4.193078000000000;0
2393;1623991500000;0.000529000000000;0.000529000000000;0.000529000000000;0.000529000000000;8637.000000000000000;1623992399999;4.568973000000000;2;8637.000000000000000;4.568973000000000;0
2394;1623992400000;0.000531000000000;0.000531000000000;0.000531000000000;0.000531000000000;133.000000000000000;1623993299999;0.070623000000000;1;133.000000000000000;0.070623000000000;0
2395;1623993300000;0.000531000000000;0.000531000000000;0.000531000000000;0.000531000000000;640.000000000000000;1623994199999;0.339840000000000;1;0.000000000000000;0.000000000000000;0
2396;1623994200000;0.000533000000000;0.000533000000000;0.000528000000000;0.000528000000000;4680.000000000000000;1623995099999;2.480416000000000;4;94.000000000000000;0.050102000000000;0
2397;1623995100000;0.000527000000000;0.000527000000000;0.000527000000000;0.000527000000000;3203.000000000000000;1623995999999;1.687981000000000;3;0.000000000000000;0.000000000000000;0
2398;1623996000000;0.000531000000000;0.000533000000000;0.000531000000000;0.000533000000000;4742.000000000000000;1623996899999;2.527218000000000;5;4742.000000000000000;2.527218000000000;0
2399;1623996900000;0.000531000000000;0.000531000000000;0.000531000000000;0.000531000000000;1174.000000000000000;1623997799999;0.623394000000000;1;1174.000000000000000;0.623394000000000;0
2400;1623997800000;0.000528000000000;0.000528000000000;0.000528000000000;0.000528000000000;155.000000000000000;1623998699999;0.081840000000000;1;0.000000000000000;0.000000000000000;0
2401;1623998700000;0.000528000000000;0.000531000000000;0.000528000000000;0.000531000000000;7121.000000000000000;1623999599999;3.769479000000000;5;4728.000000000000000;2.505975000000000;0
2402;1623999600000;0.000538000000000;0.000538000000000;0.000538000000000;0.000538000000000;147.000000000000000;1624000499999;0.079086000000000;2;147.000000000000000;0.079086000000000;0
2403;1624000500000;0.000534000000000;0.000534000000000;0.000534000000000;0.000534000000000;628.000000000000000;1624001399999;0.335352000000000;1;0.000000000000000;0.000000000000000;0
2404;1624001400000;0.000534000000000;0.000534000000000;0.000534000000000;0.000534000000000;160.000000000000000;1624002299999;0.085440000000000;1;160.000000000000000;0.085440000000000;0
2405;1624002300000;0.000533000000000;0.000533000000000;0.000531000000000;0.000531000000000;540.000000000000000;1624003199999;0.287192000000000;2;0.000000000000000;0.000000000000000;0
2406;1624003200000;0.000534000000000;0.000534000000000;0.000530000000000;0.000530000000000;2231.000000000000000;1624004099999;1.182822000000000;6;2049.000000000000000;1.086362000000000;0
2407;1624004100000;0.000530000000000;0.000530000000000;0.000527000000000;0.000527000000000;5039.000000000000000;1624004999999;2.664265000000000;8;899.000000000000000;0.475626000000000;0
2408;1624005000000;0.000527000000000;0.000527000000000;0.000527000000000;0.000527000000000;0.000000000000000;1624005899999;0.000000000000000;0;0.000000000000000;0.000000000000000;0
2409;1624005900000;0.000527000000000;0.000527000000000;0.000527000000000;0.000527000000000;0.000000000000000;1624006799999;0.000000000000000;0;0.000000000000000;0.000000000000000;0
2410;1624006800000;0.000525000000000;0.000525000000000;0.000525000000000;0.000525000000000;134.000000000000000;1624007699999;0.070350000000000;1;0.000000000000000;0.000000000000000;0
2411;1624007700000;0.000525000000000;0.000525000000000;0.000525000000000;0.000525000000000;0.000000000000000;1624008599999;0.000000000000000;0;0.000000000000000;0.000000000000000;0
2412;1624008600000;0.000524000000000;0.000524000000000;0.000521000000000;0.000521000000000;1332.000000000000000;1624009499999;0.695422000000000;8;102.000000000000000;0.053346000000000;0
2413;1624009500000;0.000522000000000;0.000522000000000;0.000517000000000;0.000517000000000;8552.000000000000000;1624010399999;4.451342000000000;11;2723.000000000000000;1.421406000000000;0
2414;1624010400000;0.000517000000000;0.000517000000000;0.000517000000000;0.000517000000000;0.000000000000000;1624011299999;0.000000000000000;0;0.000000000000000;0.000000000000000;0
2415;1624011300000;0.000517000000000;0.000517000000000;0.000514000000000;0.000514000000000;6513.000000000000000;1624012199999;3.362729000000000;13;0.000000000000000;0.000000000000000;0
2416;1624012200000;0.000514000000000;0.000514000000000;0.000514000000000;0.000514000000000;0.000000000000000;1624013099999;0.000000000000000;0;0.000000000000000;0.000000000000000;0
2417;1624013100000;0.000519000000000;0.000519000000000;0.000516000000000;0.000516000000000;7567.000000000000000;1624013999999;3.925156000000000;6;0.000000000000000;0.000000000000000;0
2418;1624014000000;0.000516000000000;0.000516000000000;0.000516000000000;0.000516000000000;6423.000000000000000;1624014899999;3.314268000000000;3;4304.000000000000000;2.220864000000000;0
2419;1624014900000;0.000516000000000;0.000516000000000;0.000514000000000;0.000514000000000;70301.000000000000000;1624015799999;36.136428000000002;9;137.000000000000000;0.070692000000000;0
2420;1624015800000;0.000513000000000;0.000514000000000;0.000512000000000;0.000514000000000;1125.000000000000000;1624016699999;0.576820000000000;9;34.000000000000000;0.017476000000000;0
2421;1624016700000;0.000514000000000;0.000514000000000;0.000514000000000;0.000514000000000;0.000000000000000;1624017599999;0.000000000000000;0;0.000000000000000;0.000000000000000;0
2422;1624017600000;0.000512000000000;0.000512000000000;0.000512000000000;0.000512000000000;727.000000000000000;1624018499999;0.372224000000000;5;0.000000000000000;0.000000000000000;0
2423;1624018500000;0.000510000000000;0.000512000000000;0.000510000000000;0.000512000000000;1223.000000000000000;1624019399999;0.625150000000000;6;710.000000000000000;0.363520000000000;0
2424;1624019400000;0.000513000000000;0.000513000000000;0.000513000000000;0.000513000000000;163.000000000000000;1624020299999;0.083619000000000;1;163.000000000000000;0.083619000000000;0
2425;1624020300000;0.000514000000000;0.000514000000000;0.000514000000000;0.000514000000000;806.000000000000000;1624021199999;0.414284000000000;2;0.000000000000000;0.000000000000000;0
2426;1624021200000;0.000519000000000;0.000520000000000;0.000516000000000;0.000516000000000;3500.000000000000000;1624022099999;1.817229000000000;7;2530.000000000000000;1.313745000000000;0
2427;1624022100000;0.000514000000000;0.000516000000000;0.000514000000000;0.000514000000000;9499.000000000000000;1624022999999;4.884340000000000;6;9323.000000000000000;4.793876000000000;0
2428;1624023000000;0.000514000000000;0.000514000000000;0.000514000000000;0.000514000000000;0.000000000000000;1624023899999;0.000000000000000;0;0.000000000000000;0.000000000000000;0
2429;1624023900000;0.000514000000000;0.000514000000000;0.000514000000000;0.000514000000000;0.000000000000000;1624024799999;0.000000000000000;0;0.000000000000000;0.000000000000000;0
2430;1624024800000;0.000514000000000;0.000514000000000;0.000514000000000;0.000514000000000;0.000000000000000;1624025699999;0.000000000000000;0;0.000000000000000;0.000000000000000;0
2431;1624025700000;0.000517000000000;0.000524000000000;0.000517000000000;0.000520000000000;5736.000000000000000;1624026599999;2.983720000000000;7;4788.000000000000000;2.488276000000000;0
2432;1624026600000;0.000519000000000;0.000520000000000;0.000518000000000;0.000518000000000;2126.000000000000000;1624027499999;1.102612000000000;7;382.000000000000000;0.198431000000000;0
2433;1624027500000;0.000518000000000;0.000518000000000;0.000518000000000;0.000518000000000;100.000000000000000;1624028399999;0.051800000000000;1;100.000000000000000;0.051800000000000;0
2434;1624028400000;0.000517000000000;0.000517000000000;0.000516000000000;0.000516000000000;284.000000000000000;1624029299999;0.146686000000000;2;142.000000000000000;0.073414000000000;0
2435;1624029300000;0.000515000000000;0.000515000000000;0.000515000000000;0.000515000000000;640.000000000000000;1624030199999;0.329600000000000;1;0.000000000000000;0.000000000000000;0
2436;1624030200000;0.000518000000000;0.000520000000000;0.000518000000000;0.000520000000000;6699.000000000000000;1624031099999;3.480225000000000;7;1319.000000000000000;0.683387000000000;0
2437;1624031100000;0.000522000000000;0.000523000000000;0.000517000000000;0.000520000000000;2286.000000000000000;1624031999999;1.186606000000000;6;2143.000000000000000;1.112389000000000;0
2438;1624032000000;0.000516000000000;0.000516000000000;0.000515000000000;0.000515000000000;944.000000000000000;1624032899999;0.486791000000000;5;0.000000000000000;0.000000000000000;0
2439;1624032900000;0.000519000000000;0.000519000000000;0.000517000000000;0.000517000000000;2447.000000000000000;1624033799999;1.265795000000000;3;348.000000000000000;0.180612000000000;0
2440;1624033800000;0.000518000000000;0.000518000000000;0.000517000000000;0.000517000000000;881.000000000000000;1624034699999;0.456160000000000;2;0.000000000000000;0.000000000000000;0
2441;1624034700000;0.000516000000000;0.000516000000000;0.000516000000000;0.000516000000000;143.000000000000000;1624035599999;0.073788000000000;1;0.000000000000000;0.000000000000000;0
2442;1624035600000;0.000514000000000;0.000514000000000;0.000514000000000;0.000514000000000;600.000000000000000;1624036499999;0.308400000000000;2;0.000000000000000;0.000000000000000;0
2443;1624036500000;0.000513000000000;0.000513000000000;0.000513000000000;0.000513000000000;145.000000000000000;1624037399999;0.074385000000000;1;0.000000000000000;0.000000000000000;0
2444;1624037400000;0.000513000000000;0.000515000000000;0.000509000000000;0.000509000000000;7330.000000000000000;1624038299999;3.759450000000000;18;3986.000000000000000;2.049688000000000;0
2445;1624038300000;0.000513000000000;0.000513000000000;0.000513000000000;0.000513000000000;277.000000000000000;1624039199999;0.142101000000000;2;277.000000000000000;0.142101000000000;0
2446;1624039200000;0.000516000000000;0.000516000000000;0.000512000000000;0.000516000000000;1147.000000000000000;1624040099999;0.590977000000000;5;892.000000000000000;0.460272000000000;0
2447;1624040100000;0.000513000000000;0.000513000000000;0.000513000000000;0.000513000000000;145.000000000000000;1624040999999;0.074385000000000;1;0.000000000000000;0.000000000000000;0
2448;1624041000000;0.000515000000000;0.000516000000000;0.000512000000000;0.000515000000000;60003.000000000000000;1624041899999;30.787139000000000;10;55567.000000000000000;28.506557000000001;0
2449;1624041900000;0.000515000000000;0.000521000000000;0.000514000000000;0.000521000000000;19505.000000000000000;1624042799999;10.080118000000001;18;10478.000000000000000;5.437869000000000;0
2450;1624042800000;0.000520000000000;0.000523000000000;0.000516000000000;0.000516000000000;4031.000000000000000;1624043699999;2.095995000000000;6;250.000000000000000;0.130604000000000;0
2451;1624043700000;0.000519000000000;0.000519000000000;0.000516000000000;0.000519000000000;1695.000000000000000;1624044599999;0.876393000000000;5;591.000000000000000;0.306729000000000;0
2452;1624044600000;0.000519000000000;0.000521000000000;0.000519000000000;0.000521000000000;1252.000000000000000;1624045499999;0.651642000000000;2;927.000000000000000;0.482967000000000;0
2453;1624045500000;0.000521000000000;0.000529000000000;0.000521000000000;0.000528000000000;3158.000000000000000;1624046399999;1.660618000000000;8;2198.000000000000000;1.153738000000000;0
2454;1624046400000;0.000527000000000;0.000527000000000;0.000524000000000;0.000524000000000;1090.000000000000000;1624047299999;0.571594000000000;3;0.000000000000000;0.000000000000000;0
2455;1624047300000;0.000525000000000;0.000525000000000;0.000524000000000;0.000524000000000;859.000000000000000;1624048199999;0.450213000000000;2;97.000000000000000;0.050925000000000;0
2456;1624048200000;0.000522000000000;0.000522000000000;0.000521000000000;0.000521000000000;1226.000000000000000;1624049099999;0.639817000000000;3;928.000000000000000;0.484416000000000;0
2457;1624049100000;0.000521000000000;0.000521000000000;0.000521000000000;0.000521000000000;0.000000000000000;1624049999999;0.000000000000000;0;0.000000000000000;0.000000000000000;0
2458;1624050000000;0.000525000000000;0.000525000000000;0.000525000000000;0.000525000000000;981.000000000000000;1624050899999;0.515025000000000;2;981.000000000000000;0.515025000000000;0
2459;1624050900000;0.000525000000000;0.000525000000000;0.000525000000000;0.000525000000000;0.000000000000000;1624051799999;0.000000000000000;0;0.000000000000000;0.000000000000000;0
2460;1624051800000;0.000525000000000;0.000525000000000;0.000525000000000;0.000525000000000;1000.000000000000000;1624052699999;0.525000000000000;1;1000.000000000000000;0.525000000000000;0
2461;1624052700000;0.000525000000000;0.000525000000000;0.000525000000000;0.000525000000000;0.000000000000000;1624053599999;0.000000000000000;0;0.000000000000000;0.000000000000000;0
2462;1624053600000;0.000522000000000;0.000522000000000;0.000522000000000;0.000522000000000;142.000000000000000;1624054499999;0.074124000000000;1;0.000000000000000;0.000000000000000;0
2463;1624054500000;0.000521000000000;0.000521000000000;0.000521000000000;0.000521000000000;409.000000000000000;1624055399999;0.213089000000000;3;0.000000000000000;0.000000000000000;0
2464;1624055400000;0.000520000000000;0.000521000000000;0.000520000000000;0.000521000000000;1752.000000000000000;1624056299999;0.912192000000000;5;0.000000000000000;0.000000000000000;0
2465;1624056300000;0.000519000000000;0.000525000000000;0.000518000000000;0.000525000000000;650.000000000000000;1624057199999;0.338421000000000;5;287.000000000000000;0.150243000000000;0
2466;1624057200000;0.000522000000000;0.000522000000000;0.000521000000000;0.000521000000000;287.000000000000000;1624058099999;0.149669000000000;2;145.000000000000000;0.075545000000000;0
2467;1624058100000;0.000525000000000;0.000525000000000;0.000525000000000;0.000525000000000;143.000000000000000;1624058999999;0.075075000000000;1;143.000000000000000;0.075075000000000;0
2468;1624059000000;0.000522000000000;0.000522000000000;0.000522000000000;0.000522000000000;142.000000000000000;1624059899999;0.074124000000000;2;0.000000000000000;0.000000000000000;0
2469;1624059900000;0.000525000000000;0.000525000000000;0.000525000000000;0.000525000000000;142.000000000000000;1624060799999;0.074550000000000;1;142.000000000000000;0.074550000000000;0
2470;1624061700000;0.000522000000000;0.000522000000000;0.000522000000000;0.000522000000000;0.000000000000000;1624062599999;0.000000000000000;0;0.000000000000000;0.000000000000000;0
2471;1624062600000;0.000522000000000;0.000522000000000;0.000522000000000;0.000522000000000;0.000000000000000;1624063499999;0.000000000000000;0;0.000000000000000;0.000000000000000;0
2472;1624063500000;0.000519000000000;0.000519000000000;0.000519000000000;0.000519000000000;488.000000000000000;1624064399999;0.253272000000000;3;0.000000000000000;0.000000000000000;0
2473;1624064400000;0.000518000000000;0.000518000000000;0.000518000000000;0.000518000000000;508.000000000000000;1624065299999;0.263144000000000;5;0.000000000000000;0.000000000000000;0
2474;1624065300000;0.000521000000000;0.000521000000000;0.000518000000000;0.000518000000000;1016.000000000000000;1624066199999;0.528988000000000;2;900.000000000000000;0.468900000000000;0
2475;1624066200000;0.000522000000000;0.000522000000000;0.000522000000000;0.000522000000000;142.000000000000000;1624067099999;0.074124000000000;1;142.000000000000000;0.074124000000000;0
2476;1624067100000;0.000524000000000;0.000524000000000;0.000524000000000;0.000524000000000;1000.000000000000000;1624067999999;0.524000000000000;3;1000.000000000000000;0.524000000000000;0
2477;1624068000000;0.000524000000000;0.000524000000000;0.000524000000000;0.000524000000000;600.000000000000000;1624068899999;0.314400000000000;1;600.000000000000000;0.314400000000000;0
2478;1624068900000;0.000522000000000;0.000523000000000;0.000521000000000;0.000522000000000;3100.000000000000000;1624069799999;1.618200000000000;6;1500.000000000000000;0.784000000000000;0
2479;1624069800000;0.000524000000000;0.000525000000000;0.000522000000000;0.000522000000000;642.000000000000000;1624070699999;0.336124000000000;7;300.000000000000000;0.157400000000000;0
2480;1624070700000;0.000519000000000;0.000519000000000;0.000516000000000;0.000516000000000;1874.000000000000000;1624071599999;0.969096000000000;13;641.000000000000000;0.330976000000000;0
2481;1624071600000;0.000514000000000;0.000514000000000;0.000514000000000;0.000514000000000;119.000000000000000;1624072499999;0.061166000000000;1;0.000000000000000;0.000000000000000;0
2482;1624072500000;0.000514000000000;0.000514000000000;0.000513000000000;0.000513000000000;354.000000000000000;1624073399999;0.181708000000000;3;0.000000000000000;0.000000000000000;0
2483;1624073400000;0.000513000000000;0.000513000000000;0.000513000000000;0.000513000000000;0.000000000000000;1624074299999;0.000000000000000;0;0.000000000000000;0.000000000000000;0
2484;1624074300000;0.000512000000000;0.000513000000000;0.000512000000000;0.000513000000000;4379.000000000000000;1624075199999;2.242387000000000;4;0.000000000000000;0.000000000000000;0
2485;1624075200000;0.000513000000000;0.000513000000000;0.000513000000000;0.000513000000000;0.000000000000000;1624076099999;0.000000000000000;0;0.000000000000000;0.000000000000000;0
2486;1624076100000;0.000513000000000;0.000513000000000;0.000513000000000;0.000513000000000;0.000000000000000;1624076999999;0.000000000000000;0;0.000000000000000;0.000000000000000;0
2487;1624077000000;0.000513000000000;0.000513000000000;0.000513000000000;0.000513000000000;0.000000000000000;1624077899999;0.000000000000000;0;0.000000000000000;0.000000000000000;0
2488;1624077900000;0.000514000000000;0.000516000000000;0.000514000000000;0.000516000000000;751.000000000000000;1624078799999;0.387058000000000;4;522.000000000000000;0.269352000000000;0
2489;1624078800000;0.000516000000000;0.000518000000000;0.000516000000000;0.000518000000000;1600.000000000000000;1624079699999;0.827520000000000;2;960.000000000000000;0.497280000000000;0
2490;1624079700000;0.000519000000000;0.000519000000000;0.000519000000000;0.000519000000000;144.000000000000000;1624080599999;0.074736000000000;1;144.000000000000000;0.074736000000000;0
2491;1624080600000;0.000522000000000;0.000523000000000;0.000522000000000;0.000523000000000;1341.000000000000000;1624081499999;0.700962000000000;3;1102.000000000000000;0.576204000000000;0
2492;1624081500000;0.000525000000000;0.000526000000000;0.000524000000000;0.000526000000000;3281.000000000000000;1624082399999;1.723783000000000;3;3281.000000000000000;1.723783000000000;0
2493;1624082400000;0.000526000000000;0.000526000000000;0.000526000000000;0.000526000000000;0.000000000000000;1624083299999;0.000000000000000;0;0.000000000000000;0.000000000000000;0
2494;1624083300000;0.000526000000000;0.000526000000000;0.000526000000000;0.000526000000000;0.000000000000000;1624084199999;0.000000000000000;0;0.000000000000000;0.000000000000000;0
2495;1624084200000;0.000526000000000;0.000526000000000;0.000526000000000;0.000526000000000;0.000000000000000;1624085099999;0.000000000000000;0;0.000000000000000;0.000000000000000;0
2496;1624085100000;0.000526000000000;0.000526000000000;0.000522000000000;0.000522000000000;3166.000000000000000;1624085999999;1.662155000000000;4;2159.000000000000000;1.135634000000000;0
2497;1624086000000;0.000523000000000;0.000523000000000;0.000521000000000;0.000521000000000;1757.000000000000000;1624086899999;0.918538000000000;4;1503.000000000000000;0.786069000000000;0
2498;1624086900000;0.000520000000000;0.000520000000000;0.000520000000000;0.000520000000000;3052.000000000000000;1624087799999;1.587040000000000;2;3052.000000000000000;1.587040000000000;0
2499;1624087800000;0.000519000000000;0.000520000000000;0.000519000000000;0.000520000000000;21339.000000000000000;1624088699999;11.090700999999999;11;15760.000000000000000;8.195200000000000;0
2500;1624088700000;0.000520000000000;0.000520000000000;0.000520000000000;0.000520000000000;0.000000000000000;1624089599999;0.000000000000000;0;0.000000000000000;0.000000000000000;0
2501;1624089600000;0.000519000000000;0.000519000000000;0.000519000000000;0.000519000000000;352.000000000000000;1624090499999;0.182688000000000;1;352.000000000000000;0.182688000000000;0
2502;1624090500000;0.000519000000000;0.000519000000000;0.000519000000000;0.000519000000000;0.000000000000000;1624091399999;0.000000000000000;0;0.000000000000000;0.000000000000000;0
2503;1624091400000;0.000519000000000;0.000519000000000;0.000519000000000;0.000519000000000;0.000000000000000;1624092299999;0.000000000000000;0;0.000000000000000;0.000000000000000;0
2504;1624092300000;0.000519000000000;0.000519000000000;0.000519000000000;0.000519000000000;0.000000000000000;1624093199999;0.000000000000000;0;0.000000000000000;0.000000000000000;0
2505;1624093200000;0.000522000000000;0.000522000000000;0.000519000000000;0.000519000000000;937.000000000000000;1624094099999;0.488694000000000;3;141.000000000000000;0.073602000000000;0
2506;1624094100000;0.000519000000000;0.000519000000000;0.000519000000000;0.000519000000000;0.000000000000000;1624094999999;0.000000000000000;0;0.000000000000000;0.000000000000000;0
2507;1624095000000;0.000522000000000;0.000525000000000;0.000522000000000;0.000522000000000;1171.000000000000000;1624095899999;0.612946000000000;6;826.000000000000000;0.432856000000000;0
2508;1624095900000;0.000519000000000;0.000525000000000;0.000519000000000;0.000525000000000;423.000000000000000;1624096799999;0.220809000000000;3;283.000000000000000;0.148149000000000;0
2509;1624096800000;0.000522000000000;0.000522000000000;0.000522000000000;0.000522000000000;140.000000000000000;1624097699999;0.073080000000000;1;0.000000000000000;0.000000000000000;0
2510;1624097700000;0.000521000000000;0.000523000000000;0.000521000000000;0.000523000000000;1105.000000000000000;1624098599999;0.577451000000000;2;873.000000000000000;0.456579000000000;0
2511;1624098600000;0.000521000000000;0.000521000000000;0.000519000000000;0.000519000000000;396.000000000000000;1624099499999;0.205824000000000;3;150.000000000000000;0.078150000000000;0
2512;1624099500000;0.000519000000000;0.000519000000000;0.000519000000000;0.000519000000000;0.000000000000000;1624100399999;0.000000000000000;0;0.000000000000000;0.000000000000000;0
2513;1624100400000;0.000522000000000;0.000522000000000;0.000520000000000;0.000520000000000;1946.000000000000000;1624101299999;1.014088000000000;5;269.000000000000000;0.140418000000000;0
2514;1624101300000;0.000519000000000;0.000520000000000;0.000519000000000;0.000520000000000;1080.000000000000000;1624102199999;0.561481000000000;2;0.000000000000000;0.000000000000000;0
2515;1624102200000;0.000521000000000;0.000525000000000;0.000521000000000;0.000525000000000;5877.000000000000000;1624103099999;3.075842000000000;8;3014.000000000000000;1.576592000000000;0
2516;1624103100000;0.000525000000000;0.000525000000000;0.000521000000000;0.000521000000000;927.000000000000000;1624103999999;0.484683000000000;6;0.000000000000000;0.000000000000000;0
2517;1624104000000;0.000525000000000;0.000526000000000;0.000521000000000;0.000521000000000;4937.000000000000000;1624104899999;2.585325000000000;9;1486.000000000000000;0.781102000000000;0
2518;1624104900000;0.000522000000000;0.000524000000000;0.000522000000000;0.000524000000000;2868.000000000000000;1624105799999;1.499961000000000;7;957.000000000000000;0.500511000000000;0
2519;1624105800000;0.000525000000000;0.000528000000000;0.000525000000000;0.000525000000000;7719.000000000000000;1624106699999;4.058163000000000;11;2989.000000000000000;1.573963000000000;0
2520;1624106700000;0.000522000000000;0.000525000000000;0.000522000000000;0.000525000000000;7399.000000000000000;1624107599999;3.862710000000000;6;6117.000000000000000;3.193506000000000;0
2521;1624107600000;0.000522000000000;0.000522000000000;0.000520000000000;0.000520000000000;1086.000000000000000;1624108499999;0.566664000000000;3;0.000000000000000;0.000000000000000;0
2522;1624108500000;0.000523000000000;0.000528000000000;0.000523000000000;0.000525000000000;3237.000000000000000;1624109399999;1.701352000000000;10;281.000000000000000;0.147945000000000;0
2523;1624109400000;0.000525000000000;0.000525000000000;0.000525000000000;0.000525000000000;531.000000000000000;1624110299999;0.278775000000000;4;0.000000000000000;0.000000000000000;0
2524;1624110300000;0.000524000000000;0.000528000000000;0.000524000000000;0.000528000000000;341.000000000000000;1624111199999;0.179248000000000;2;341.000000000000000;0.179248000000000;0
2525;1624111200000;0.000529000000000;0.000529000000000;0.000524000000000;0.000524000000000;2683.000000000000000;1624112099999;1.413607000000000;6;946.000000000000000;0.500434000000000;0
2526;1624112100000;0.000522000000000;0.000524000000000;0.000522000000000;0.000524000000000;1100.000000000000000;1624112999999;0.576120000000000;2;960.000000000000000;0.503040000000000;0
2527;1624113000000;0.000524000000000;0.000524000000000;0.000524000000000;0.000524000000000;0.000000000000000;1624113899999;0.000000000000000;0;0.000000000000000;0.000000000000000;0
2528;1624113900000;0.000521000000000;0.000521000000000;0.000513000000000;0.000518000000000;2185.000000000000000;1624114799999;1.133274000000000;14;100.000000000000000;0.051800000000000;0
2529;1624114800000;0.000514000000000;0.000516000000000;0.000513000000000;0.000513000000000;2176.000000000000000;1624115699999;1.116829000000000;7;1102.000000000000000;0.565752000000000;0
2530;1624115700000;0.000515000000000;0.000515000000000;0.000515000000000;0.000515000000000;14241.000000000000000;1624116599999;7.334115000000000;7;7469.000000000000000;3.846535000000000;0
2531;1624116600000;0.000516000000000;0.000516000000000;0.000513000000000;0.000513000000000;242.000000000000000;1624117499999;0.124572000000000;2;142.000000000000000;0.073272000000000;0
2532;1624117500000;0.000517000000000;0.000519000000000;0.000517000000000;0.000519000000000;1424.000000000000000;1624118399999;0.737474000000000;8;1424.000000000000000;0.737474000000000;0
2533;1624118400000;0.000519000000000;0.000519000000000;0.000516000000000;0.000516000000000;994.000000000000000;1624119299999;0.514774000000000;3;0.000000000000000;0.000000000000000;0
2534;1624119300000;0.000515000000000;0.000517000000000;0.000513000000000;0.000517000000000;25400.000000000000000;1624120199999;13.041346000000001;12;172.000000000000000;0.088780000000000;0
2535;1624120200000;0.000517000000000;0.000519000000000;0.000514000000000;0.000518000000000;13868.000000000000000;1624121099999;7.133396000000000;7;159.000000000000000;0.082290000000000;0
2536;1624121100000;0.000518000000000;0.000519000000000;0.000517000000000;0.000519000000000;954.000000000000000;1624121999999;0.494169000000000;5;314.000000000000000;0.162649000000000;0
2537;1624122000000;0.000519000000000;0.000519000000000;0.000516000000000;0.000516000000000;319.000000000000000;1624122899999;0.165070000000000;4;177.000000000000000;0.091798000000000;0
2538;1624122900000;0.000516000000000;0.000517000000000;0.000515000000000;0.000515000000000;1413.000000000000000;1624123799999;0.728503000000000;4;35.000000000000000;0.018095000000000;0
2539;1624123800000;0.000514000000000;0.000515000000000;0.000514000000000;0.000515000000000;170.000000000000000;1624124699999;0.087414000000000;2;34.000000000000000;0.017510000000000;0
2540;1624124700000;0.000514000000000;0.000514000000000;0.000514000000000;0.000514000000000;640.000000000000000;1624125599999;0.328960000000000;1;0.000000000000000;0.000000000000000;0
2541;1624125600000;0.000513000000000;0.000513000000000;0.000513000000000;0.000513000000000;3201.000000000000000;1624126499999;1.642113000000000;3;2561.000000000000000;1.313793000000000;0
2542;1624126500000;0.000512000000000;0.000512000000000;0.000512000000000;0.000512000000000;938.000000000000000;1624127399999;0.480256000000000;2;0.000000000000000;0.000000000000000;0
2543;1624127400000;0.000512000000000;0.000512000000000;0.000512000000000;0.000512000000000;0.000000000000000;1624128299999;0.000000000000000;0;0.000000000000000;0.000000000000000;0
2544;1624128300000;0.000512000000000;0.000512000000000;0.000512000000000;0.000512000000000;228.000000000000000;1624129199999;0.116736000000000;1;0.000000000000000;0.000000000000000;0
2545;1624129200000;0.000512000000000;0.000513000000000;0.000512000000000;0.000513000000000;864.000000000000000;1624130099999;0.443112000000000;2;744.000000000000000;0.381672000000000;0
2546;1624130100000;0.000511000000000;0.000511000000000;0.000510000000000;0.000510000000000;1966.000000000000000;1624130999999;1.002876000000000;7;0.000000000000000;0.000000000000000;0
2547;1624131000000;0.000509000000000;0.000509000000000;0.000509000000000;0.000509000000000;378.000000000000000;1624131899999;0.192402000000000;2;0.000000000000000;0.000000000000000;0
2548;1624131900000;0.000511000000000;0.000511000000000;0.000509000000000;0.000509000000000;1166.000000000000000;1624132799999;0.595517000000000;3;1063.000000000000000;0.543090000000000;0
2549;1624132800000;0.000509000000000;0.000509000000000;0.000509000000000;0.000509000000000;0.000000000000000;1624133699999;0.000000000000000;0;0.000000000000000;0.000000000000000;0
2550;1624133700000;0.000512000000000;0.000512000000000;0.000512000000000;0.000512000000000;681.000000000000000;1624134599999;0.348672000000000;3;501.000000000000000;0.256512000000000;0
2551;1624134600000;0.000512000000000;0.000512000000000;0.000512000000000;0.000512000000000;0.000000000000000;1624135499999;0.000000000000000;0;0.000000000000000;0.000000000000000;0
2552;1624135500000;0.000513000000000;0.000513000000000;0.000513000000000;0.000513000000000;172.000000000000000;1624136399999;0.088236000000000;1;172.000000000000000;0.088236000000000;0
2553;1624136400000;0.000515000000000;0.000518000000000;0.000515000000000;0.000515000000000;1545.000000000000000;1624137299999;0.797434000000000;6;1085.000000000000000;0.560534000000000;0
2554;1624137300000;0.000515000000000;0.000515000000000;0.000515000000000;0.000515000000000;0.000000000000000;1624138199999;0.000000000000000;0;0.000000000000000;0.000000000000000;0
2555;1624138200000;0.000519000000000;0.000519000000000;0.000519000000000;0.000519000000000;143.000000000000000;1624139099999;0.074217000000000;1;143.000000000000000;0.074217000000000;0
2556;1624139100000;0.000522000000000;0.000524000000000;0.000522000000000;0.000524000000000;6653.000000000000000;1624139999999;3.485676000000000;5;6653.000000000000000;3.485676000000000;0
2557;1624140000000;0.000524000000000;0.000524000000000;0.000524000000000;0.000524000000000;250.000000000000000;1624140899999;0.131000000000000;1;250.000000000000000;0.131000000000000;0
2558;1624140900000;0.000517000000000;0.000517000000000;0.000517000000000;0.000517000000000;960.000000000000000;1624141799999;0.496320000000000;1;960.000000000000000;0.496320000000000;0
2559;1624141800000;0.000516000000000;0.000525000000000;0.000516000000000;0.000518000000000;8210.000000000000000;1624142699999;4.254874000000000;8;1462.000000000000000;0.758686000000000;0
2560;1624142700000;0.000518000000000;0.000518000000000;0.000518000000000;0.000518000000000;0.000000000000000;1624143599999;0.000000000000000;0;0.000000000000000;0.000000000000000;0
2561;1624143600000;0.000512000000000;0.000514000000000;0.000511000000000;0.000511000000000;991.000000000000000;1624144499999;0.506986000000000;4;351.000000000000000;0.179946000000000;0
2562;1624144500000;0.000511000000000;0.000511000000000;0.000510000000000;0.000510000000000;26466.000000000000000;1624145399999;13.523987000000000;5;960.000000000000000;0.490560000000000;0
2563;1624145400000;0.000510000000000;0.000510000000000;0.000510000000000;0.000510000000000;640.000000000000000;1624146299999;0.326400000000000;2;0.000000000000000;0.000000000000000;0
2564;1624146300000;0.000512000000000;0.000512000000000;0.000512000000000;0.000512000000000;4619.000000000000000;1624147199999;2.364928000000000;2;4619.000000000000000;2.364928000000000;0
2565;1624148100000;0.000509000000000;0.000509000000000;0.000509000000000;0.000509000000000;137.000000000000000;1624148999999;0.069733000000000;1;0.000000000000000;0.000000000000000;0
2566;1624149000000;0.000509000000000;0.000509000000000;0.000509000000000;0.000509000000000;0.000000000000000;1624149899999;0.000000000000000;0;0.000000000000000;0.000000000000000;0
2567;1624149900000;0.000509000000000;0.000509000000000;0.000509000000000;0.000509000000000;0.000000000000000;1624150799999;0.000000000000000;0;0.000000000000000;0.000000000000000;0
2568;1624150800000;0.000509000000000;0.000509000000000;0.000509000000000;0.000509000000000;0.000000000000000;1624151699999;0.000000000000000;0;0.000000000000000;0.000000000000000;0
2569;1624151700000;0.000509000000000;0.000509000000000;0.000509000000000;0.000509000000000;0.000000000000000;1624152599999;0.000000000000000;0;0.000000000000000;0.000000000000000;0
2570;1624152600000;0.000518000000000;0.000519000000000;0.000515000000000;0.000519000000000;1340.000000000000000;1624153499999;0.693470000000000;6;350.000000000000000;0.181450000000000;0
2571;1624153500000;0.000519000000000;0.000519000000000;0.000519000000000;0.000519000000000;0.000000000000000;1624154399999;0.000000000000000;0;0.000000000000000;0.000000000000000;0
2572;1624154400000;0.000518000000000;0.000518000000000;0.000515000000000;0.000515000000000;332.000000000000000;1624155299999;0.171412000000000;2;144.000000000000000;0.074592000000000;0
2573;1624155300000;0.000515000000000;0.000515000000000;0.000515000000000;0.000515000000000;0.000000000000000;1624156199999;0.000000000000000;0;0.000000000000000;0.000000000000000;0
2574;1624156200000;0.000512000000000;0.000512000000000;0.000512000000000;0.000512000000000;105.000000000000000;1624157099999;0.053760000000000;1;0.000000000000000;0.000000000000000;0
2575;1624157100000;0.000513000000000;0.000517000000000;0.000513000000000;0.000517000000000;2604.000000000000000;1624157999999;1.339372000000000;4;960.000000000000000;0.493440000000000;0
2576;1624158000000;0.000514000000000;0.000516000000000;0.000514000000000;0.000516000000000;1916.000000000000000;1624158899999;0.986760000000000;4;960.000000000000000;0.495360000000000;0
2577;1624158900000;0.000517000000000;0.000518000000000;0.000514000000000;0.000517000000000;9724.000000000000000;1624159799999;5.015511000000000;6;999.000000000000000;0.516483000000000;0
2578;1624159800000;0.000517000000000;0.000524000000000;0.000517000000000;0.000523000000000;11908.000000000000000;1624160699999;6.209285000000000;11;2127.000000000000000;1.108280000000000;0
2579;1624160700000;0.000525000000000;0.000526000000000;0.000520000000000;0.000526000000000;8129.000000000000000;1624161599999;4.261766000000000;17;3685.000000000000000;1.932705000000000;0
2580;1624161600000;0.000524000000000;0.000524000000000;0.000524000000000;0.000524000000000;960.000000000000000;1624162499999;0.503040000000000;1;960.000000000000000;0.503040000000000;0
2581;1624162500000;0.000526000000000;0.000526000000000;0.000526000000000;0.000526000000000;34.000000000000000;1624163399999;0.017884000000000;1;34.000000000000000;0.017884000000000;0
2582;1624163400000;0.000526000000000;0.000526000000000;0.000526000000000;0.000526000000000;0.000000000000000;1624164299999;0.000000000000000;0;0.000000000000000;0.000000000000000;0
2583;1624164300000;0.000521000000000;0.000521000000000;0.000520000000000;0.000520000000000;1911.000000000000000;1624165199999;0.994360000000000;4;0.000000000000000;0.000000000000000;0
2584;1624165200000;0.000521000000000;0.000523000000000;0.000520000000000;0.000523000000000;3088.000000000000000;1624166099999;1.608722000000000;5;2131.000000000000000;1.109168000000000;0
2585;1624166100000;0.000523000000000;0.000523000000000;0.000523000000000;0.000523000000000;0.000000000000000;1624166999999;0.000000000000000;0;0.000000000000000;0.000000000000000;0
2586;1624167000000;0.000523000000000;0.000523000000000;0.000523000000000;0.000523000000000;0.000000000000000;1624167899999;0.000000000000000;0;0.000000000000000;0.000000000000000;0
2587;1624167900000;0.000523000000000;0.000523000000000;0.000523000000000;0.000523000000000;0.000000000000000;1624168799999;0.000000000000000;0;0.000000000000000;0.000000000000000;0
2588;1624168800000;0.000519000000000;0.000519000000000;0.000515000000000;0.000515000000000;862.000000000000000;1624169699999;0.445933000000000;8;0.000000000000000;0.000000000000000;0
2589;1624169700000;0.000513000000000;0.000513000000000;0.000512000000000;0.000512000000000;506.000000000000000;1624170599999;0.259358000000000;5;0.000000000000000;0.000000000000000;0
2590;1624170600000;0.000515000000000;0.000515000000000;0.000515000000000;0.000515000000000;1600.000000000000000;1624171499999;0.824000000000000;2;960.000000000000000;0.494400000000000;0
2591;1624171500000;0.000515000000000;0.000515000000000;0.000515000000000;0.000515000000000;0.000000000000000;1624172399999;0.000000000000000;0;0.000000000000000;0.000000000000000;0
2592;1624172400000;0.000515000000000;0.000515000000000;0.000515000000000;0.000515000000000;0.000000000000000;1624173299999;0.000000000000000;0;0.000000000000000;0.000000000000000;0
2593;1624173300000;0.000513000000000;0.000518000000000;0.000511000000000;0.000511000000000;3418.000000000000000;1624174199999;1.748739000000000;13;72.000000000000000;0.037152000000000;0
2594;1624174200000;0.000513000000000;0.000513000000000;0.000509000000000;0.000511000000000;1519.000000000000000;1624175099999;0.777353000000000;6;135.000000000000000;0.069055000000000;0
2595;1624175100000;0.000513000000000;0.000513000000000;0.000513000000000;0.000513000000000;314.000000000000000;1624175999999;0.161082000000000;3;314.000000000000000;0.161082000000000;0
2596;1624176000000;0.000513000000000;0.000513000000000;0.000513000000000;0.000513000000000;0.000000000000000;1624176899999;0.000000000000000;0;0.000000000000000;0.000000000000000;0
2597;1624176900000;0.000513000000000;0.000513000000000;0.000513000000000;0.000513000000000;0.000000000000000;1624177799999;0.000000000000000;0;0.000000000000000;0.000000000000000;0
2598;1624177800000;0.000512000000000;0.000512000000000;0.000511000000000;0.000511000000000;1497.000000000000000;1624178699999;0.766159000000000;3;0.000000000000000;0.000000000000000;0
2599;1624178700000;0.000510000000000;0.000510000000000;0.000510000000000;0.000510000000000;326.000000000000000;1624179599999;0.166260000000000;3;0.000000000000000;0.000000000000000;0
2600;1624179600000;0.000510000000000;0.000510000000000;0.000510000000000;0.000510000000000;0.000000000000000;1624180499999;0.000000000000000;0;0.000000000000000;0.000000000000000;0
2601;1624180500000;0.000511000000000;0.000511000000000;0.000510000000000;0.000510000000000;1357.000000000000000;1624181399999;0.693190000000000;2;0.000000000000000;0.000000000000000;0
2602;1624181400000;0.000510000000000;0.000510000000000;0.000510000000000;0.000510000000000;0.000000000000000;1624182299999;0.000000000000000;0;0.000000000000000;0.000000000000000;0
2603;1624182300000;0.000511000000000;0.000511000000000;0.000508000000000;0.000508000000000;2562.000000000000000;1624183199999;1.304159000000000;6;141.000000000000000;0.072051000000000;0
2604;1624183200000;0.000507000000000;0.000507000000000;0.000505000000000;0.000505000000000;6057.000000000000000;1624184099999;3.068705000000000;11;1680.000000000000000;0.851760000000000;0
2605;1624184100000;0.000505000000000;0.000514000000000;0.000501000000000;0.000513000000000;9305.000000000000000;1624184999999;4.703616000000000;24;4185.000000000000000;2.128425000000000;0
2606;1624185000000;0.000508000000000;0.000508000000000;0.000508000000000;0.000508000000000;500.000000000000000;1624185899999;0.254000000000000;1;0.000000000000000;0.000000000000000;0
2607;1624185900000;0.000504000000000;0.000504000000000;0.000503000000000;0.000503000000000;1458.000000000000000;1624186799999;0.734139000000000;4;0.000000000000000;0.000000000000000;0
2608;1624186800000;0.000503000000000;0.000503000000000;0.000503000000000;0.000503000000000;0.000000000000000;1624187699999;0.000000000000000;0;0.000000000000000;0.000000000000000;0
2609;1624187700000;0.000504000000000;0.000504000000000;0.000504000000000;0.000504000000000;17763.000000000000000;1624188599999;8.952552000000001;4;0.000000000000000;0.000000000000000;0
2610;1624188600000;0.000509000000000;0.000509000000000;0.000509000000000;0.000509000000000;156.000000000000000;1624189499999;0.079404000000000;1;156.000000000000000;0.079404000000000;0
2611;1624189500000;0.000506000000000;0.000506000000000;0.000506000000000;0.000506000000000;118.000000000000000;1624190399999;0.059708000000000;1;0.000000000000000;0.000000000000000;0
2612;1624190400000;0.000510000000000;0.000510000000000;0.000510000000000;0.000510000000000;426.000000000000000;1624191299999;0.217260000000000;2;426.000000000000000;0.217260000000000;0
2613;1624191300000;0.000507000000000;0.000507000000000;0.000506000000000;0.000506000000000;1128.000000000000000;1624192199999;0.571083000000000;3;0.000000000000000;0.000000000000000;0
2614;1624192200000;0.000510000000000;0.000510000000000;0.000510000000000;0.000510000000000;11112.000000000000000;1624193099999;5.667120000000000;4;11112.000000000000000;5.667120000000000;0
2615;1624193100000;0.000508000000000;0.000508000000000;0.000508000000000;0.000508000000000;17622.000000000000000;1624193999999;8.951976000000000;7;0.000000000000000;0.000000000000000;0
2616;1624194000000;0.000513000000000;0.000513000000000;0.000513000000000;0.000513000000000;30.000000000000000;1624194899999;0.015390000000000;1;30.000000000000000;0.015390000000000;0
2617;1624194900000;0.000513000000000;0.000513000000000;0.000513000000000;0.000513000000000;0.000000000000000;1624195799999;0.000000000000000;0;0.000000000000000;0.000000000000000;0
2618;1624195800000;0.000513000000000;0.000513000000000;0.000513000000000;0.000513000000000;0.000000000000000;1624196699999;0.000000000000000;0;0.000000000000000;0.000000000000000;0
2619;1624196700000;0.000506000000000;0.000508000000000;0.000506000000000;0.000508000000000;255.000000000000000;1624197599999;0.129340000000000;2;155.000000000000000;0.078740000000000;0
2620;1624197600000;0.000508000000000;0.000508000000000;0.000508000000000;0.000508000000000;2937.000000000000000;1624198499999;1.491996000000000;2;2937.000000000000000;1.491996000000000;0
2621;1624198500000;0.000508000000000;0.000508000000000;0.000508000000000;0.000508000000000;0.000000000000000;1624199399999;0.000000000000000;0;0.000000000000000;0.000000000000000;0
2622;1624199400000;0.000508000000000;0.000508000000000;0.000508000000000;0.000508000000000;1584.000000000000000;1624200299999;0.804672000000000;1;1584.000000000000000;0.804672000000000;0
2623;1624200300000;0.000508000000000;0.000508000000000;0.000508000000000;0.000508000000000;0.000000000000000;1624201199999;0.000000000000000;0;0.000000000000000;0.000000000000000;0
2624;1624201200000;0.000506000000000;0.000515000000000;0.000506000000000;0.000510000000000;7321.000000000000000;1624202099999;3.748799000000000;9;6588.000000000000000;3.376069000000000;0
2625;1624202100000;0.000511000000000;0.000513000000000;0.000511000000000;0.000513000000000;1151.000000000000000;1624202999999;0.588463000000000;2;1151.000000000000000;0.588463000000000;0
2626;1624203000000;0.000510000000000;0.000510000000000;0.000510000000000;0.000510000000000;3595.000000000000000;1624203899999;1.833450000000000;2;0.000000000000000;0.000000000000000;0
2627;1624203900000;0.000510000000000;0.000510000000000;0.000510000000000;0.000510000000000;151.000000000000000;1624204799999;0.077010000000000;1;0.000000000000000;0.000000000000000;0
2628;1624204800000;0.000510000000000;0.000510000000000;0.000510000000000;0.000510000000000;0.000000000000000;1624205699999;0.000000000000000;0;0.000000000000000;0.000000000000000;0
2629;1624205700000;0.000509000000000;0.000509000000000;0.000509000000000;0.000509000000000;965.000000000000000;1624206599999;0.491185000000000;3;488.000000000000000;0.248392000000000;0
2630;1624206600000;0.000509000000000;0.000509000000000;0.000508000000000;0.000508000000000;1177.000000000000000;1624207499999;0.598493000000000;3;0.000000000000000;0.000000000000000;0
2631;1624207500000;0.000508000000000;0.000508000000000;0.000508000000000;0.000508000000000;2453.000000000000000;1624208399999;1.246124000000000;1;0.000000000000000;0.000000000000000;0
2632;1624208400000;0.000508000000000;0.000508000000000;0.000506000000000;0.000506000000000;1025.000000000000000;1624209299999;0.519571000000000;6;0.000000000000000;0.000000000000000;0
2633;1624209300000;0.000509000000000;0.000509000000000;0.000509000000000;0.000509000000000;1391.000000000000000;1624210199999;0.708019000000000;1;1391.000000000000000;0.708019000000000;0
2634;1624210200000;0.000509000000000;0.000510000000000;0.000508000000000;0.000510000000000;2315.000000000000000;1624211099999;1.177264000000000;3;2315.000000000000000;1.177264000000000;0
2635;1624211100000;0.000506000000000;0.000506000000000;0.000506000000000;0.000506000000000;105.000000000000000;1624211999999;0.053130000000000;1;0.000000000000000;0.000000000000000;0
2636;1624212000000;0.000507000000000;0.000507000000000;0.000507000000000;0.000507000000000;599.000000000000000;1624212899999;0.303693000000000;1;599.000000000000000;0.303693000000000;0
2637;1624212900000;0.000507000000000;0.000509000000000;0.000507000000000;0.000509000000000;3972.000000000000000;1624213799999;2.015004000000000;3;600.000000000000000;0.305400000000000;0
2638;1624213800000;0.000509000000000;0.000509000000000;0.000507000000000;0.000507000000000;900.000000000000000;1624214699999;0.456600000000000;2;150.000000000000000;0.076350000000000;0
2639;1624214700000;0.000510000000000;0.000510000000000;0.000506000000000;0.000506000000000;2084.000000000000000;1624215599999;1.059872000000000;3;1934.000000000000000;0.983972000000000;0
2640;1624215600000;0.000507000000000;0.000510000000000;0.000507000000000;0.000510000000000;2500.000000000000000;1624216499999;1.272000000000000;2;2500.000000000000000;1.272000000000000;0
2641;1624216500000;0.000510000000000;0.000510000000000;0.000510000000000;0.000510000000000;0.000000000000000;1624217399999;0.000000000000000;0;0.000000000000000;0.000000000000000;0
2642;1624217400000;0.000507000000000;0.000509000000000;0.000507000000000;0.000509000000000;2935.000000000000000;1624218299999;1.492239000000000;5;434.000000000000000;0.220472000000000;0
2643;1624218300000;0.000509000000000;0.000512000000000;0.000509000000000;0.000512000000000;3614.000000000000000;1624219199999;1.848238000000000;2;0.000000000000000;0.000000000000000;0
2644;1624219200000;0.000513000000000;0.000516000000000;0.000510000000000;0.000510000000000;1034.000000000000000;1624220099999;0.528763000000000;6;244.000000000000000;0.125463000000000;0
2645;1624220100000;0.000510000000000;0.000511000000000;0.000510000000000;0.000511000000000;6956.000000000000000;1624220999999;3.553229000000000;4;5669.000000000000000;2.896859000000000;0
2646;1624221000000;0.000512000000000;0.000512000000000;0.000512000000000;0.000512000000000;2328.000000000000000;1624221899999;1.191936000000000;2;0.000000000000000;0.000000000000000;0
2647;1624221900000;0.000512000000000;0.000512000000000;0.000512000000000;0.000512000000000;0.000000000000000;1624222799999;0.000000000000000;0;0.000000000000000;0.000000000000000;0
2648;1624222800000;0.000513000000000;0.000513000000000;0.000511000000000;0.000511000000000;5211.000000000000000;1624223699999;2.667895000000000;4;3375.000000000000000;1.726027000000000;0
2649;1624223700000;0.000512000000000;0.000512000000000;0.000512000000000;0.000512000000000;1931.000000000000000;1624224599999;0.988672000000000;1;1931.000000000000000;0.988672000000000;0
2650;1624224600000;0.000511000000000;0.000511000000000;0.000510000000000;0.000510000000000;1958.000000000000000;1624225499999;0.999975000000000;2;1958.000000000000000;0.999975000000000;0
2651;1624225500000;0.000511000000000;0.000511000000000;0.000511000000000;0.000511000000000;131.000000000000000;1624226399999;0.066941000000000;1;0.000000000000000;0.000000000000000;0
2652;1624226400000;0.000509000000000;0.000509000000000;0.000508000000000;0.000508000000000;1652.000000000000000;1624227299999;0.840588000000000;4;0.000000000000000;0.000000000000000;0
2653;1624227300000;0.000507000000000;0.000508000000000;0.000507000000000;0.000508000000000;2721.000000000000000;1624228199999;1.379842000000000;4;1295.000000000000000;0.656860000000000;0
2654;1624228200000;0.000506000000000;0.000506000000000;0.000505000000000;0.000506000000000;13952.000000000000000;1624229099999;7.050617000000000;9;0.000000000000000;0.000000000000000;0
2655;1624229100000;0.000506000000000;0.000506000000000;0.000506000000000;0.000506000000000;0.000000000000000;1624229999999;0.000000000000000;0;0.000000000000000;0.000000000000000;0
2656;1624230000000;0.000509000000000;0.000514000000000;0.000509000000000;0.000511000000000;3344.000000000000000;1624230899999;1.709897000000000;5;779.000000000000000;0.400406000000000;0
2657;1624230900000;0.000511000000000;0.000511000000000;0.000511000000000;0.000511000000000;735.000000000000000;1624231799999;0.375585000000000;2;0.000000000000000;0.000000000000000;0
2658;1624231800000;0.000507000000000;0.000507000000000;0.000507000000000;0.000507000000000;1121.000000000000000;1624232699999;0.568347000000000;2;0.000000000000000;0.000000000000000;0
2659;1624232700000;0.000507000000000;0.000507000000000;0.000507000000000;0.000507000000000;0.000000000000000;1624233599999;0.000000000000000;0;0.000000000000000;0.000000000000000;0
2660;1624234500000;0.000504000000000;0.000504000000000;0.000502000000000;0.000502000000000;830.000000000000000;1624235399999;0.417109000000000;6;0.000000000000000;0.000000000000000;0
2661;1624235400000;0.000503000000000;0.000507000000000;0.000503000000000;0.000506000000000;2330.000000000000000;1624236299999;1.176310000000000;4;330.000000000000000;0.167310000000000;0
2662;1624236300000;0.000516000000000;0.000517000000000;0.000514000000000;0.000515000000000;5461.000000000000000;1624237199999;2.807677000000000;4;5127.000000000000000;2.635667000000000;0
2663;1624237200000;0.000515000000000;0.000515000000000;0.000515000000000;0.000515000000000;0.000000000000000;1624238099999;0.000000000000000;0;0.000000000000000;0.000000000000000;0
2664;1624238100000;0.000508000000000;0.000508000000000;0.000508000000000;0.000508000000000;6014.000000000000000;1624238999999;3.055112000000000;2;0.000000000000000;0.000000000000000;0
2665;1624239000000;0.000507000000000;0.000507000000000;0.000507000000000;0.000507000000000;215.000000000000000;1624239899999;0.109005000000000;1;0.000000000000000;0.000000000000000;0
2666;1624239900000;0.000503000000000;0.000503000000000;0.000502000000000;0.000502000000000;388.000000000000000;1624240799999;0.194912000000000;3;0.000000000000000;0.000000000000000;0
2667;1624240800000;0.000500000000000;0.000500000000000;0.000500000000000;0.000500000000000;1486.000000000000000;1624241699999;0.743000000000000;4;0.000000000000000;0.000000000000000;0
2668;1624241700000;0.000500000000000;0.000500000000000;0.000500000000000;0.000500000000000;3547.000000000000000;1624242599999;1.773500000000000;5;3000.000000000000000;1.500000000000000;0
2669;1624242600000;0.000499000000000;0.000499000000000;0.000499000000000;0.000499000000000;226.000000000000000;1624243499999;0.112774000000000;2;0.000000000000000;0.000000000000000;0
2670;1624243500000;0.000499000000000;0.000499000000000;0.000499000000000;0.000499000000000;3000.000000000000000;1624244399999;1.497000000000000;1;3000.000000000000000;1.497000000000000;0
2671;1624244400000;0.000498000000000;0.000498000000000;0.000497000000000;0.000498000000000;3775.000000000000000;1624245299999;1.878959000000000;8;2784.000000000000000;1.386432000000000;0
2672;1624245300000;0.000498000000000;0.000498000000000;0.000498000000000;0.000498000000000;1914.000000000000000;1624246199999;0.953172000000000;1;1914.000000000000000;0.953172000000000;0
2673;1624246200000;0.000499000000000;0.000502000000000;0.000499000000000;0.000499000000000;6893.000000000000000;1624247099999;3.446765000000000;4;2386.000000000000000;1.197772000000000;0
2674;1624247100000;0.000500000000000;0.000502000000000;0.000500000000000;0.000502000000000;7471.000000000000000;1624247999999;3.742898000000000;5;6728.000000000000000;3.370728000000000;0
2675;1624248000000;0.000506000000000;0.000510000000000;0.000504000000000;0.000510000000000;7972.000000000000000;1624248899999;4.021906000000000;3;29.000000000000000;0.014790000000000;0
2676;1624248900000;0.000504000000000;0.000504000000000;0.000500000000000;0.000500000000000;3615.000000000000000;1624249799999;1.818339000000000;3;2612.000000000000000;1.316448000000000;0
2677;1624249800000;0.000504000000000;0.000504000000000;0.000499000000000;0.000503000000000;3073.000000000000000;1624250699999;1.544166000000000;4;0.000000000000000;0.000000000000000;0
2678;1624250700000;0.000502000000000;0.000502000000000;0.000502000000000;0.000502000000000;936.000000000000000;1624251599999;0.469872000000000;1;936.000000000000000;0.469872000000000;0
2679;1624251600000;0.000505000000000;0.000505000000000;0.000501000000000;0.000501000000000;4992.000000000000000;1624252499999;2.510792000000000;3;2450.000000000000000;1.237250000000000;0
2680;1624252500000;0.000501000000000;0.000502000000000;0.000500000000000;0.000502000000000;6841.000000000000000;1624253399999;3.427144000000000;3;4404.000000000000000;2.208644000000000;0
2681;1624253400000;0.000502000000000;0.000502000000000;0.000502000000000;0.000502000000000;1618.000000000000000;1624254299999;0.812236000000000;1;1618.000000000000000;0.812236000000000;0
2682;1624254300000;0.000501000000000;0.000506000000000;0.000501000000000;0.000506000000000;9806.000000000000000;1624255199999;4.953630000000000;5;9806.000000000000000;4.953630000000000;0
2683;1624255200000;0.000509000000000;0.000511000000000;0.000507000000000;0.000511000000000;7928.000000000000000;1624256099999;4.025628000000000;3;33.000000000000000;0.016863000000000;0
2684;1624256100000;0.000511000000000;0.000511000000000;0.000509000000000;0.000509000000000;5267.000000000000000;1624256999999;2.688995000000000;5;0.000000000000000;0.000000000000000;0
2685;1624257000000;0.000499000000000;0.000499000000000;0.000496000000000;0.000496000000000;1883.000000000000000;1624257899999;0.937441000000000;6;0.000000000000000;0.000000000000000;0
2686;1624257900000;0.000494000000000;0.000499000000000;0.000494000000000;0.000494000000000;18076.000000000000000;1624258799999;8.929926000000000;6;143.000000000000000;0.071024000000000;0
2687;1624258800000;0.000494000000000;0.000500000000000;0.000492000000000;0.000492000000000;11933.000000000000000;1624259699999;5.919978000000000;15;4435.000000000000000;2.200905000000000;0
2688;1624259700000;0.000492000000000;0.000492000000000;0.000492000000000;0.000492000000000;0.000000000000000;1624260599999;0.000000000000000;0;0.000000000000000;0.000000000000000;0
2689;1624260600000;0.000493000000000;0.000497000000000;0.000493000000000;0.000493000000000;8562.000000000000000;1624261499999;4.228766000000000;8;6175.000000000000000;3.051975000000000;0
2690;1624261500000;0.000494000000000;0.000495000000000;0.000494000000000;0.000495000000000;2078.000000000000000;1624262399999;1.026721000000000;2;1889.000000000000000;0.933166000000000;0
2691;1624262400000;0.000495000000000;0.000503000000000;0.000494000000000;0.000503000000000;34256.000000000000000;1624263299999;17.091806999999999;14;14345.000000000000000;7.166612000000000;0
2692;1624263300000;0.000500000000000;0.000500000000000;0.000495000000000;0.000497000000000;15530.000000000000000;1624264199999;7.701811000000000;8;62.000000000000000;0.030938000000000;0
2693;1624264200000;0.000496000000000;0.000500000000000;0.000492000000000;0.000495000000000;5660.000000000000000;1624265099999;2.794534000000000;10;72.000000000000000;0.035810000000000;0
2694;1624265100000;0.000493000000000;0.000493000000000;0.000493000000000;0.000493000000000;1000.000000000000000;1624265999999;0.493000000000000;1;0.000000000000000;0.000000000000000;0
2695;1624266000000;0.000492000000000;0.000492000000000;0.000486000000000;0.000486000000000;18265.000000000000000;1624266899999;8.950592000000000;25;5622.000000000000000;2.766024000000000;0
2696;1624266900000;0.000486000000000;0.000486000000000;0.000486000000000;0.000486000000000;104.000000000000000;1624267799999;0.050544000000000;1;0.000000000000000;0.000000000000000;0
2697;1624267800000;0.000486000000000;0.000486000000000;0.000486000000000;0.000486000000000;2058.000000000000000;1624268699999;1.000188000000000;1;0.000000000000000;0.000000000000000;0
2698;1624268700000;0.000488000000000;0.000490000000000;0.000488000000000;0.000489000000000;2116.000000000000000;1624269599999;1.035626000000000;3;0.000000000000000;0.000000000000000;0
2699;1624269600000;0.000488000000000;0.000488000000000;0.000488000000000;0.000488000000000;175.000000000000000;1624270499999;0.085400000000000;1;0.000000000000000;0.000000000000000;0
2700;1624270500000;0.000488000000000;0.000488000000000;0.000487000000000;0.000487000000000;4000.000000000000000;1624271399999;1.949000000000000;3;0.000000000000000;0.000000000000000;0
2701;1624271400000;0.000486000000000;0.000487000000000;0.000486000000000;0.000486000000000;3320.000000000000000;1624272299999;1.614520000000000;8;0.000000000000000;0.000000000000000;0
2702;1624272300000;0.000486000000000;0.000486000000000;0.000484000000000;0.000484000000000;12232.000000000000000;1624273199999;5.944066000000000;5;0.000000000000000;0.000000000000000;0
2703;1624273200000;0.000483000000000;0.000484000000000;0.000483000000000;0.000483000000000;558.000000000000000;1624274099999;0.269709000000000;4;195.000000000000000;0.094380000000000;0
2704;1624274100000;0.000482000000000;0.000488000000000;0.000482000000000;0.000488000000000;6629.000000000000000;1624274999999;3.219412000000000;6;6289.000000000000000;3.055532000000000;0
2705;1624275000000;0.000489000000000;0.000489000000000;0.000489000000000;0.000489000000000;6023.000000000000000;1624275899999;2.945247000000000;2;6023.000000000000000;2.945247000000000;0
2706;1624275900000;0.000488000000000;0.000488000000000;0.000488000000000;0.000488000000000;4763.000000000000000;1624276799999;2.324344000000000;2;4763.000000000000000;2.324344000000000;0
2707;1624276800000;0.000490000000000;0.000490000000000;0.000487000000000;0.000488000000000;1540.000000000000000;1624277699999;0.751070000000000;3;754.000000000000000;0.368288000000000;0
2708;1624277700000;0.000486000000000;0.000486000000000;0.000482000000000;0.000485000000000;13592.000000000000000;1624278599999;6.586550000000000;14;740.000000000000000;0.358900000000000;0
2709;1624278600000;0.000489000000000;0.000489000000000;0.000489000000000;0.000489000000000;18950.000000000000000;1624279499999;9.266550000000001;6;18950.000000000000000;9.266550000000001;0
2710;1624279500000;0.000485000000000;0.000486000000000;0.000485000000000;0.000486000000000;5093.000000000000000;1624280399999;2.472142000000000;3;0.000000000000000;0.000000000000000;0
2711;1624280400000;0.000483000000000;0.000483000000000;0.000483000000000;0.000483000000000;121.000000000000000;1624281299999;0.058443000000000;1;0.000000000000000;0.000000000000000;0
2712;1624281300000;0.000483000000000;0.000483000000000;0.000483000000000;0.000483000000000;0.000000000000000;1624282199999;0.000000000000000;0;0.000000000000000;0.000000000000000;0
2713;1624282200000;0.000489000000000;0.000493000000000;0.000489000000000;0.000493000000000;12538.000000000000000;1624283099999;6.174410000000000;5;12276.000000000000000;6.046292000000000;0
2714;1624283100000;0.000495000000000;0.000495000000000;0.000495000000000;0.000495000000000;3221.000000000000000;1624283999999;1.594395000000000;1;3221.000000000000000;1.594395000000000;0
2715;1624284000000;0.000494000000000;0.000494000000000;0.000494000000000;0.000494000000000;3000.000000000000000;1624284899999;1.482000000000000;1;3000.000000000000000;1.482000000000000;0
2716;1624284900000;0.000497000000000;0.000498000000000;0.000496000000000;0.000496000000000;456.000000000000000;1624285799999;0.226543000000000;3;267.000000000000000;0.132799000000000;0
2717;1624285800000;0.000496000000000;0.000496000000000;0.000496000000000;0.000496000000000;0.000000000000000;1624286699999;0.000000000000000;0;0.000000000000000;0.000000000000000;0
2718;1624286700000;0.000500000000000;0.000500000000000;0.000499000000000;0.000499000000000;7402.000000000000000;1624287599999;3.695542000000000;3;7402.000000000000000;3.695542000000000;0
2719;1624287600000;0.000498000000000;0.000503000000000;0.000498000000000;0.000498000000000;3164.000000000000000;1624288499999;1.576492000000000;3;3164.000000000000000;1.576492000000000;0
2720;1624288500000;0.000498000000000;0.000498000000000;0.000498000000000;0.000498000000000;0.000000000000000;1624289399999;0.000000000000000;0;0.000000000000000;0.000000000000000;0
2721;1624289400000;0.000498000000000;0.000498000000000;0.000498000000000;0.000498000000000;0.000000000000000;1624290299999;0.000000000000000;0;0.000000000000000;0.000000000000000;0
2722;1624290300000;0.000498000000000;0.000498000000000;0.000498000000000;0.000498000000000;0.000000000000000;1624291199999;0.000000000000000;0;0.000000000000000;0.000000000000000;0
2723;1624291200000;0.000493000000000;0.000495000000000;0.000493000000000;0.000495000000000;6287.000000000000000;1624292099999;3.100447000000000;4;5809.000000000000000;2.863837000000000;0
2724;1624292100000;0.000503000000000;0.000503000000000;0.000496000000000;0.000496000000000;2000.000000000000000;1624292999999;0.995010000000000;3;2000.000000000000000;0.995010000000000;0
2725;1624293000000;0.000493000000000;0.000493000000000;0.000487000000000;0.000488000000000;18035.000000000000000;1624293899999;8.840244999999999;10;2456.000000000000000;1.198528000000000;0
2726;1624293900000;0.000489000000000;0.000489000000000;0.000489000000000;0.000489000000000;4041.000000000000000;1624294799999;1.976049000000000;2;4041.000000000000000;1.976049000000000;0
2727;1624294800000;0.000489000000000;0.000489000000000;0.000489000000000;0.000489000000000;0.000000000000000;1624295699999;0.000000000000000;0;0.000000000000000;0.000000000000000;0
2728;1624295700000;0.000488000000000;0.000493000000000;0.000488000000000;0.000493000000000;4860.000000000000000;1624296599999;2.394180000000000;2;0.000000000000000;0.000000000000000;0
2729;1624296600000;0.000493000000000;0.000493000000000;0.000493000000000;0.000493000000000;2000.000000000000000;1624297499999;0.986000000000000;1;2000.000000000000000;0.986000000000000;0
2730;1624297500000;0.000491000000000;0.000491000000000;0.000489000000000;0.000489000000000;5794.000000000000000;1624298399999;2.839844000000000;4;0.000000000000000;0.000000000000000;0
2731;1624298400000;0.000489000000000;0.000489000000000;0.000489000000000;0.000489000000000;0.000000000000000;1624299299999;0.000000000000000;0;0.000000000000000;0.000000000000000;0
2732;1624299300000;0.000489000000000;0.000489000000000;0.000489000000000;0.000489000000000;0.000000000000000;1624300199999;0.000000000000000;0;0.000000000000000;0.000000000000000;0
2733;1624300200000;0.000495000000000;0.000497000000000;0.000495000000000;0.000497000000000;7060.000000000000000;1624301099999;3.507700000000000;3;6500.000000000000000;3.230500000000000;0
2734;1624301100000;0.000496000000000;0.000496000000000;0.000496000000000;0.000496000000000;6020.000000000000000;1624301999999;2.985920000000000;4;3058.000000000000000;1.516768000000000;0
2735;1624302000000;0.000496000000000;0.000496000000000;0.000496000000000;0.000496000000000;0.000000000000000;1624302899999;0.000000000000000;0;0.000000000000000;0.000000000000000;0
2736;1624302900000;0.000492000000000;0.000492000000000;0.000492000000000;0.000492000000000;250.000000000000000;1624303799999;0.123000000000000;2;0.000000000000000;0.000000000000000;0
2737;1624303800000;0.000492000000000;0.000492000000000;0.000492000000000;0.000492000000000;0.000000000000000;1624304699999;0.000000000000000;0;0.000000000000000;0.000000000000000;0
2738;1624304700000;0.000489000000000;0.000490000000000;0.000489000000000;0.000490000000000;1694.000000000000000;1624305599999;0.829054000000000;5;0.000000000000000;0.000000000000000;0
2739;1624305600000;0.000490000000000;0.000490000000000;0.000490000000000;0.000490000000000;0.000000000000000;1624306499999;0.000000000000000;0;0.000000000000000;0.000000000000000;0
2740;1624306500000;0.000490000000000;0.000490000000000;0.000490000000000;0.000490000000000;0.000000000000000;1624307399999;0.000000000000000;0;0.000000000000000;0.000000000000000;0
2741;1624307400000;0.000490000000000;0.000490000000000;0.000490000000000;0.000490000000000;0.000000000000000;1624308299999;0.000000000000000;0;0.000000000000000;0.000000000000000;0
2742;1624308300000;0.000490000000000;0.000490000000000;0.000490000000000;0.000490000000000;0.000000000000000;1624309199999;0.000000000000000;0;0.000000000000000;0.000000000000000;0
2743;1624309200000;0.000489000000000;0.000490000000000;0.000487000000000;0.000488000000000;4930.000000000000000;1624310099999;2.409997000000000;7;4270.000000000000000;2.088048000000000;0
2744;1624310100000;0.000488000000000;0.000488000000000;0.000488000000000;0.000488000000000;300.000000000000000;1624310999999;0.146400000000000;1;0.000000000000000;0.000000000000000;0
2745;1624311000000;0.000488000000000;0.000488000000000;0.000488000000000;0.000488000000000;17730.000000000000000;1624311899999;8.652240000000001;4;17730.000000000000000;8.652240000000001;0
2746;1624311900000;0.000486000000000;0.000491000000000;0.000485000000000;0.000491000000000;6224.000000000000000;1624312799999;3.046050000000000;9;4714.000000000000000;2.313301000000000;0
2747;1624312800000;0.000485000000000;0.000485000000000;0.000484000000000;0.000484000000000;3662.000000000000000;1624313699999;1.775836000000000;4;0.000000000000000;0.000000000000000;0
2748;1624313700000;0.000488000000000;0.000488000000000;0.000488000000000;0.000488000000000;3326.000000000000000;1624314599999;1.623088000000000;1;0.000000000000000;0.000000000000000;0
2749;1624314600000;0.000488000000000;0.000488000000000;0.000488000000000;0.000488000000000;0.000000000000000;1624315499999;0.000000000000000;0;0.000000000000000;0.000000000000000;0
2750;1624315500000;0.000484000000000;0.000484000000000;0.000484000000000;0.000484000000000;18117.000000000000000;1624316399999;8.768628000000000;10;0.000000000000000;0.000000000000000;0
2751;1624316400000;0.000484000000000;0.000484000000000;0.000484000000000;0.000484000000000;564.000000000000000;1624317299999;0.272976000000000;1;0.000000000000000;0.000000000000000;0
2752;1624317300000;0.000488000000000;0.000488000000000;0.000488000000000;0.000488000000000;107.000000000000000;1624318199999;0.052216000000000;1;0.000000000000000;0.000000000000000;0
2753;1624318200000;0.000488000000000;0.000488000000000;0.000485000000000;0.000485000000000;367.000000000000000;1624319099999;0.178667000000000;2;0.000000000000000;0.000000000000000;0
2754;1624319100000;0.000492000000000;0.000492000000000;0.000485000000000;0.000485000000000;2228.000000000000000;1624319999999;1.081910000000000;2;190.000000000000000;0.093480000000000;0
